 0 0.3298
 1 0.3587
 2 0.355
 3 0.3395
 4 0.3197
 5 0.2963
 6 0.2735
 7 0.2517
 8 0.2356
 9 0.2202
 10 0.2057
 11 0.1926
 12 0.1793
 13 0.1659
 14 0.1541
 15 0.1426
 16 0.1332
 17 0.123
 18 0.1131
 19 0.1042
 20 0.0978
 21 0.0909
 22 0.0849
 23 0.0782
 24 0.0741
 25 0.0685
 26 0.0656
 27 0.0614
 28 0.0563
 29 0.0528
 30 0.0493
 31 0.0471
 32 0.0463
 33 0.0449
 34 0.0425
 35 0.0407
 36 0.0389
 37 0.0385
 38 0.0369
 39 0.034
 40 0.0323
 41 0.0305
 42 0.0283
 43 0.0275
 44 0.0259
 45 0.0244
 46 0.0229
 47 0.0206
 48 0.0196
 49 0.0186
 50 0.0178
 51 0.0169
 52 0.0162
 53 0.0151
 54 0.0143
 55 0.0129
 56 0.0117
 57 0.0108
 58 0.0107
 59 0.0106
 60 0.0103
 61 0.0097
 62 0.0093
 63 0.0089
 64 0.0087
 65 0.0088
 66 0.0086
 67 0.0089
 68 0.0101
 69 0.0104
 70 0.0101
 71 0.01
 72 0.0093
 73 0.0094
 74 0.0091
 75 0.0087
 76 0.0083
 77 0.0077
 78 0.0069
 79 0.007
 80 0.0071
 81 0.0072
 82 0.0068
 83 0.0061
 84 0.0059
 85 0.0054
 86 0.0051
 87 0.0057
 88 0.0062
 89 0.0064
 90 0.0067
 91 0.0063
 92 0.0067
 93 0.0069
 94 0.0069
 95 0.0067
 96 0.0064
 97 0.0063
 98 0.0066
 99 0.0066
 100 0.0066
 101 0.0068
 102 0.007
 103 0.0078
 104 0.0078
 105 0.008
 106 0.0078
 107 0.0075
 108 0.0087
 109 0.0082
 110 0.0079
 111 0.0078
 112 0.0086
 113 0.0091
 114 0.009
 115 0.0097
 116 0.0103
 117 0.0102
 118 0.0101
 119 0.0107
 120 0.0105
 121 0.01
 122 0.0115
 123 0.012
 124 0.0123
 125 0.0119
 126 0.0127
 127 0.0136
 128 0.0143
 129 0.0143
 130 0.0148
 131 0.0139
 132 0.0152
 133 0.0156
 134 0.0166
 135 0.0179
 136 0.0184
 137 0.0201
 138 0.0224
 139 0.0247
 140 0.0277
 141 0.0292
 142 0.0297
 143 0.0305
 144 0.0322
 145 0.0328
 146 0.0354
 147 0.0362
 148 0.039
 149 0.0415
 150 0.0429
 151 0.0457
 152 0.0481
 153 0.05
 154 0.0521
 155 0.054
 156 0.0555
 157 0.0586
 158 0.0615
 159 0.069
 160 0.0754
 161 0.0794
 162 0.0839
 163 0.0918
 164 0.0963
 165 0.1025
 166 0.1077
 167 0.1165
 168 0.1213
 169 0.1224
 170 0.1282
 171 0.1316
 172 0.132
 173 0.1359
 174 0.1394
 175 0.1432
 176 0.1457
 177 0.1491
 178 0.1535
 179 0.1597
 180 0.1673
 181 0.1683
 182 0.17
 183 0.1702
 184 0.171
 185 0.1736
 186 0.1734
 187 0.1757
 188 0.1758
 189 0.1756
 190 0.1763
 191 0.1754
 192 0.1751
 193 0.1701
 194 0.1653
 195 0.1582
 196 0.1524
 197 0.1471
 198 0.1379
 199 0.1292
 200 0.1212
 201 0.1129
 202 0.1043
 203 0.0976
 204 0.0898
 205 0.0837
 206 0.0789
 207 0.0741
 208 0.0706
 209 0.0668
 210 0.0624
 211 0.0588
 212 0.054
 213 0.051
 214 0.0491
 215 0.0455
 216 0.0436
 217 0.0407
 218 0.0387
 219 0.0375
 220 0.0347
 221 0.0339
 222 0.0329
 223 0.0308
 224 0.0298
 225 0.0289
 226 0.0273
 227 0.0257
 228 0.0235
 229 0.0225
 230 0.0213
 231 0.0213
 232 0.0202
 233 0.0206
 234 0.0193
 235 0.0183
 236 0.0173
 237 0.0171
 238 0.0166
 239 0.0166
 240 0.0161
 241 0.0156
 242 0.0147
 243 0.0141
 244 0.0136
 245 0.0136
 246 0.0136
 247 0.0125
 248 0.0117
 249 0.0108
 250 0.0092
 251 0.0085
 252 0.0082
 253 0.008
 254 0.0075
 255 0.0074
 256 0.0073
 257 0.0076
 258 0.0073
 259 0.0078
 260 0.0075
 261 0.007
 262 0.0067
 263 0.0063
 264 0.007
 265 0.0071
 266 0.0066
 267 0.0067
 268 0.0073
 269 0.0076
 270 0.0076
 271 0.0081
 272 0.0086
 273 0.0083
 274 0.0084
 275 0.0084
 276 0.0082
 277 0.009
 278 0.0084
 279 0.0086
 280 0.0093
 281 0.0105
 282 0.0137
 283 0.0163
 284 0.017
 285 0.0175
 286 0.0175
 287 0.019
 288 0.0193
 289 0.0192
 290 0.0202
 291 0.0195
 292 0.02
 293 0.0203
 294 0.0227
 295 0.0243
 296 0.0255
 297 0.0288
 298 0.0302
 299 0.0325
 300 0.0342
 301 0.0363
 302 0.0395
 303 0.042
 304 0.0444
 305 0.0462
 306 0.0477
 307 0.0495
 308 0.053
 309 0.0554
 310 0.0582
 311 0.0616
 312 0.0634
 313 0.0664
 314 0.0693
 315 0.0707
 316 0.0725
 317 0.0726
 318 0.0778
 319 0.0815
 320 0.0849
 321 0.0875
 322 0.093
 323 0.0956
 324 0.0979
 325 0.1025
 326 0.1061
 327 0.1132
 328 0.1167
 329 0.123
 330 0.1248
 331 0.1265
 332 0.1281
 333 0.1292
 334 0.1312
 335 0.1303
 336 0.1315
 337 0.1307
 338 0.132
 339 0.1319
 340 0.1315
 341 0.13
 342 0.1305
 343 0.1335
 344 0.1316
 345 0.1309
 346 0.1318
 347 0.1357
 348 0.1348
 349 0.1358
 350 0.134
 351 0.1353
 352 0.1356
 353 0.1343
 354 0.1282
 355 0.1232
 356 0.1216
 357 0.1195
 358 0.1156
 359 0.112
 360 0.1085
 361 0.1057
 362 0.0981
 363 0.0929
 364 0.0886
 365 0.0869
 366 0.0867
 367 0.084
 368 0.0804
 369 0.0784
 370 0.0773
 371 0.0765
 372 0.0734
 373 0.0704
 374 0.0668
 375 0.0631
 376 0.0599
 377 0.0563
 378 0.0526
 379 0.0505
 380 0.0494
 381 0.0454
 382 0.044
 383 0.0431
 384 0.0415
 385 0.0391
 386 0.0371
 387 0.0352
 388 0.0346
 389 0.0337
 390 0.032
 391 0.0315
 392 0.0306
 393 0.0293
 394 0.0282
 395 0.0266
 396 0.0246
 397 0.0242
 398 0.0219
 399 0.0214
 400 0.0207
 401 0.0203
 402 0.0191
 403 0.0182
 404 0.0185
 405 0.0179
 406 0.0175
 407 0.0169
 408 0.0171
 409 0.016
 410 0.0159
 411 0.0157
 412 0.0151
 413 0.014
 414 0.0145
 415 0.0149
 416 0.0151
 417 0.0155
 418 0.0156
 419 0.0163
 420 0.0159
 421 0.0154
 422 0.0157
 423 0.0154
 424 0.0153
 425 0.0156
 426 0.0157
 427 0.0156
 428 0.0169
 429 0.0168
 430 0.0181
 431 0.0185
 432 0.0192
 433 0.0206
 434 0.0222
 435 0.0249
 436 0.026
 437 0.0279
 438 0.0292
 439 0.0296
 440 0.0294
 441 0.0315
 442 0.0331
 443 0.0346
 444 0.0353
 445 0.0357
 446 0.0355
 447 0.0342
 448 0.0337
 449 0.035
 450 0.036
 451 0.0356
 452 0.0351
 453 0.0346
 454 0.0341
 455 0.035
 456 0.0366
 457 0.037
 458 0.0369
 459 0.0378
 460 0.038
 461 0.0396
 462 0.041
 463 0.043
 464 0.045
 465 0.0475
 466 0.0504
 467 0.0519
 468 0.0533
 469 0.0566
 470 0.0601
 471 0.0611
 472 0.0635
 473 0.067
 474 0.0726
 475 0.0773
 476 0.0823
 477 0.0859
 478 0.0893
 479 0.0907
 480 0.0904
 481 0.0941
 482 0.0969
 483 0.098
 484 0.0991
 485 0.1014
 486 0.1054
 487 0.1121
 488 0.115
 489 0.118
 490 0.1208
 491 0.1296
 492 0.134
 493 0.1398
 494 0.1438
 495 0.1482
 496 0.1503
 497 0.1517
 498 0.1508
 499 0.152
 500 0.1524
 501 0.1514
 502 0.1491
 503 0.1482
 504 0.1478
 505 0.1457
 506 0.1434
 507 0.1401
 508 0.1346
 509 0.1305
 510 0.1269
 511 0.1215
 512 0.1178
 513 0.112
 514 0.1081
 515 0.1038
 516 0.0968
 517 0.0926
 518 0.0867
 519 0.0808
 520 0.0744
 521 0.0705
 522 0.0671
 523 0.0641
 524 0.0613
 525 0.0571
 526 0.0532
 527 0.0494
 528 0.0465
 529 0.0455
 530 0.042
 531 0.0392
 532 0.0373
 533 0.0362
 534 0.0345
 535 0.0343
 536 0.0338
 537 0.033
 538 0.0334
 539 0.0318
 540 0.0309
 541 0.0292
 542 0.0286
 543 0.0289
 544 0.0289
 545 0.0297
 546 0.0286
 547 0.0295
 548 0.0281
 549 0.0274
 550 0.027
 551 0.0273
 552 0.0284
 553 0.0254
 554 0.0247
 555 0.0236
 556 0.0228
 557 0.0224
 558 0.0218
 559 0.0221
 560 0.0219
 561 0.0221
 562 0.0221
 563 0.0213
 564 0.0202
 565 0.0191
 566 0.0186
 567 0.018
 568 0.0168
 569 0.0165
 570 0.0153
 571 0.0149
 572 0.0155
 573 0.0158
 574 0.0157
 575 0.0157
 576 0.0153
 577 0.0159
 578 0.0163
 579 0.0163
 580 0.016
 581 0.0167
 582 0.0174
 583 0.0174
 584 0.0169
 585 0.0171
 586 0.0173
 587 0.0172
 588 0.0169
 589 0.0167
 590 0.0166
 591 0.0159
 592 0.0154
 593 0.0146
 594 0.0136
 595 0.0136
 596 0.0137
 597 0.0136
 598 0.0134
 599 0.0128
 600 0.0118
 601 0.0112
 602 0.0112
 603 0.0107
 604 0.0103
 605 0.0104
 606 0.0106
 607 0.0117
 608 0.0112
 609 0.0101
 610 0.0104
 611 0.0105
 612 0.0101
 613 0.0102
 614 0.0101
 615 0.0104
 616 0.0102
 617 0.0109
 618 0.0103
 619 0.0097
 620 0.0095
 621 0.0102
 622 0.0106
 623 0.0108
 624 0.011
 625 0.0121
 626 0.0129
 627 0.0146
 628 0.0158
 629 0.0164
 630 0.017
 631 0.0177
 632 0.0172
 633 0.0169
 634 0.0171
 635 0.0172
 636 0.017
 637 0.0171
 638 0.0164
 639 0.0159
 640 0.0174
 641 0.0192
 642 0.021
 643 0.0234
 644 0.025
 645 0.026
 646 0.0271
 647 0.027
 648 0.0279
 649 0.0301
 650 0.0328
 651 0.0338
 652 0.036
 653 0.0402
 654 0.0449
 655 0.0477
 656 0.0502
 657 0.0561
 658 0.0576
 659 0.0604
 660 0.0644
 661 0.067
 662 0.071
 663 0.0772
 664 0.0812
 665 0.0846
 666 0.0865
 667 0.0876
 668 0.0899
 669 0.0926
 670 0.0937
 671 0.0959
 672 0.0991
 673 0.1025
 674 0.1048
 675 0.1048
 676 0.1094
 677 0.1124
 678 0.1173
 679 0.1224
 680 0.127
 681 0.1338
 682 0.1366
 683 0.1402
 684 0.144
 685 0.1445
 686 0.1444
 687 0.1477
 688 0.1525
 689 0.1591
 690 0.1613
 691 0.1651
 692 0.1668
 693 0.1664
 694 0.1702
 695 0.1715
 696 0.172
 697 0.172
 698 0.1713
 699 0.1705
 700 0.1654
 701 0.1602
 702 0.1538
 703 0.1484
 704 0.1433
 705 0.1394
 706 0.1329
 707 0.124
 708 0.1191
 709 0.1144
 710 0.1083
 711 0.1017
 712 0.0964
 713 0.0919
 714 0.0876
 715 0.0817
 716 0.0778
 717 0.0722
 718 0.0693
 719 0.0668
 720 0.0638
 721 0.0593
 722 0.0542
 723 0.0506
 724 0.0491
 725 0.0466
 726 0.0442
 727 0.0411
 728 0.0403
 729 0.0391
 730 0.039
 731 0.0372
 732 0.0352
 733 0.0356
 734 0.0345
 735 0.0319
 736 0.0307
 737 0.0298
 738 0.0295
 739 0.0285
 740 0.0272
 741 0.0263
 742 0.0261
 743 0.0267
 744 0.0267
 745 0.025
 746 0.0245
 747 0.0245
 748 0.0248
 749 0.0246
 750 0.0244
 751 0.0231
 752 0.0227
 753 0.0221
 754 0.0213
 755 0.0205
 756 0.0207
 757 0.0211
 758 0.0212
 759 0.0203
 760 0.0207
 761 0.0209
 762 0.0205
 763 0.022
 764 0.0232
 765 0.0247
 766 0.0255
 767 0.0267
 768 0.027
 769 0.0272
 770 0.0289
 771 0.029
 772 0.0287
 773 0.0284
 774 0.0288
 775 0.0296
 776 0.0299
 777 0.0305
 778 0.0321
 779 0.0323
 780 0.0338
 781 0.0348
 782 0.0356
 783 0.0356
 784 0.0365
 785 0.0352
 786 0.0346
 787 0.0345
 788 0.0355
 789 0.0364
 790 0.0372
 791 0.0376
 792 0.0375
 793 0.037
 794 0.0373
 795 0.038
 796 0.0375
 797 0.0363
 798 0.0351
 799 0.035
 800 0.0361
 801 0.0375
 802 0.0387
 803 0.0395
 804 0.0426
 805 0.0433
 806 0.0427
 807 0.0442
 808 0.0429
 809 0.0438
 810 0.0427
 811 0.0425
 812 0.0454
 813 0.0484
 814 0.051
 815 0.0542
 816 0.0577
 817 0.06
 818 0.0627
 819 0.0638
 820 0.0652
 821 0.0629
 822 0.0634
 823 0.0639
 824 0.0663
 825 0.0696
 826 0.0718
 827 0.0745
 828 0.0792
 829 0.081
 830 0.0823
 831 0.0833
 832 0.0844
 833 0.0864
 834 0.0895
 835 0.0896
 836 0.0898
 837 0.0918
 838 0.0949
 839 0.0952
 840 0.096
 841 0.0944
 842 0.0939
 843 0.0926
 844 0.0948
 845 0.0951
 846 0.0966
 847 0.0977
 848 0.097
 849 0.096
 850 0.0968
 851 0.0979
 852 0.0975
 853 0.0985
 854 0.0996
 855 0.0996
 856 0.0985
 857 0.0958
 858 0.0994
 859 0.0987
 860 0.1007
 861 0.1053
 862 0.1054
 863 0.1039
 864 0.1035
 865 0.1047
 866 0.1092
 867 0.1093
 868 0.1102
 869 0.1096
 870 0.105
 871 0.1002
 872 0.0994
 873 0.0962
 874 0.0924
 875 0.0895
 876 0.0882
 877 0.085
 878 0.0806
 879 0.0776
 880 0.0751
 881 0.0717
 882 0.0671
 883 0.0632
 884 0.061
 885 0.0603
 886 0.0589
 887 0.0563
 888 0.0534
 889 0.0502
 890 0.0493
 891 0.0483
 892 0.0469
 893 0.0472
 894 0.0458
 895 0.0453
 896 0.0429
 897 0.0422
 898 0.0399
 899 0.0383
 900 0.0374
 901 0.0349
 902 0.0327
 903 0.0321
 904 0.0322
 905 0.0315
 906 0.0301
 907 0.0292
 908 0.028
 909 0.0269
 910 0.0267
 911 0.0279
 912 0.0279
 913 0.0279
 914 0.027
 915 0.0257
 916 0.0266
 917 0.0262
 918 0.0284
 919 0.0275
 920 0.0276
 921 0.0269
 922 0.0263
 923 0.026
 924 0.026
 925 0.0244
 926 0.0244
 927 0.0242
 928 0.0248
 929 0.0258
 930 0.026
 931 0.0264
 932 0.0267
 933 0.0267
 934 0.026
 935 0.0262
 936 0.027
 937 0.029
 938 0.0293
 939 0.0295
 940 0.0294
 941 0.0301
 942 0.0299
 943 0.0326
 944 0.033
 945 0.0353
 946 0.0376
 947 0.0393
 948 0.0403
 949 0.0391
 950 0.0403
 951 0.0403
 952 0.0407
 953 0.0415
 954 0.0392
 955 0.0382
 956 0.0372
 957 0.0367
 958 0.0369
 959 0.0364
 960 0.0367
 961 0.0382
 962 0.0402
 963 0.0441
 964 0.0461
 965 0.05
 966 0.0525
 967 0.0552
 968 0.0573
 969 0.0576
 970 0.0576
 971 0.058
 972 0.0606
 973 0.0639
 974 0.0652
 975 0.0654
 976 0.0666
 977 0.0677
 978 0.0696
 979 0.072
 980 0.074
 981 0.0751
 982 0.0739
 983 0.0743
 984 0.0734
 985 0.0708
 986 0.0704
 987 0.0694
 988 0.0695
 989 0.0721
 990 0.0732
 991 0.0727
 992 0.0739
 993 0.0748
 994 0.0767
 995 0.0748
 996 0.0729
 997 0.072
 998 0.073
 999 0.0716
 1000 0.0716
 1001 0.074
 1002 0.076
 1003 0.0771
 1004 0.0748
 1005 0.0733
 1006 0.0698
 1007 0.0693
 1008 0.0677
 1009 0.065
 1010 0.0643
 1011 0.0624
 1012 0.0606
 1013 0.0592
 1014 0.0605
 1015 0.0605
 1016 0.0628
 1017 0.0669
 1018 0.0671
 1019 0.0656
 1020 0.0661
 1021 0.067
 1022 0.0673
 1023 0.0666
 1024 0.0673
 1025 0.0679
 1026 0.0699
 1027 0.071
 1028 0.0758
 1029 0.0779
 1030 0.0811
 1031 0.0842
 1032 0.0869
 1033 0.0891
 1034 0.0892
 1035 0.0939
 1036 0.0969
 1037 0.0988
 1038 0.1009
 1039 0.1034
 1040 0.1021
 1041 0.1009
 1042 0.0959
 1043 0.0944
 1044 0.0908
 1045 0.0902
 1046 0.0889
 1047 0.0871
 1048 0.085
 1049 0.0837
 1050 0.0807
 1051 0.0767
 1052 0.0748
 1053 0.072
 1054 0.0698
 1055 0.0682
 1056 0.0655
 1057 0.0614
 1058 0.0585
 1059 0.0568
 1060 0.0541
 1061 0.0529
 1062 0.0514
 1063 0.0487
 1064 0.0465
 1065 0.0441
 1066 0.0443
 1067 0.0436
 1068 0.0454
 1069 0.0462
 1070 0.0458
 1071 0.0438
 1072 0.0446
 1073 0.045
 1074 0.0434
 1075 0.042
 1076 0.0424
 1077 0.0415
 1078 0.0405
 1079 0.0399
 1080 0.0382
 1081 0.036
 1082 0.0357
 1083 0.0347
 1084 0.0332
 1085 0.033
 1086 0.0326
 1087 0.0335
 1088 0.0328
 1089 0.0327
 1090 0.0331
 1091 0.0345
 1092 0.0335
 1093 0.0333
 1094 0.033
 1095 0.0326
 1096 0.0319
 1097 0.0305
 1098 0.0301
 1099 0.0279
 1100 0.027
 1101 0.0278
 1102 0.0267
 1103 0.0264
 1104 0.0257
 1105 0.0254
 1106 0.0255
 1107 0.0264
 1108 0.0265
 1109 0.0263
 1110 0.0279
 1111 0.0298
 1112 0.0336
 1113 0.0369
 1114 0.0389
 1115 0.0431
 1116 0.0477
 1117 0.0507
 1118 0.0538
 1119 0.056
 1120 0.0558
 1121 0.0555
 1122 0.0545
 1123 0.0564
 1124 0.0567
 1125 0.0578
 1126 0.0599
 1127 0.0612
 1128 0.0605
 1129 0.062
 1130 0.0623
 1131 0.0643
 1132 0.0647
 1133 0.067
 1134 0.067
 1135 0.0683
 1136 0.0673
 1137 0.0692
 1138 0.067
 1139 0.0688
 1140 0.0677
 1141 0.069
 1142 0.0703
 1143 0.0693
 1144 0.0709
 1145 0.073
 1146 0.0728
 1147 0.0747
 1148 0.0747
 1149 0.0757
 1150 0.0766
 1151 0.0764
 1152 0.0774
 1153 0.08
 1154 0.0802
 1155 0.0804
 1156 0.0795
 1157 0.0811
 1158 0.0827
 1159 0.081
 1160 0.0811
 1161 0.0803
 1162 0.0813
 1163 0.0818
 1164 0.0833
 1165 0.0838
 1166 0.0847
 1167 0.0839
 1168 0.0823
 1169 0.0814
 1170 0.0802
 1171 0.0804
 1172 0.0784
 1173 0.0769
 1174 0.0748
 1175 0.0757
 1176 0.075
 1177 0.0752
 1178 0.0744
 1179 0.0746
 1180 0.0721
 1181 0.0703
 1182 0.0679
 1183 0.0694
 1184 0.0698
 1185 0.0704
 1186 0.0685
 1187 0.0693
 1188 0.0679
 1189 0.067
 1190 0.0653
 1191 0.0651
 1192 0.0655
 1193 0.0654
 1194 0.067
 1195 0.0688
 1196 0.0717
 1197 0.0723
 1198 0.0729
 1199 0.0694
 1200 0.0677
 1201 0.0714
 1202 0.071
 1203 0.0692
 1204 0.0683
 1205 0.0667
 1206 0.0654
 1207 0.0621
 1208 0.0601
 1209 0.0588
 1210 0.058
 1211 0.0557
 1212 0.0549
 1213 0.0537
 1214 0.0519
 1215 0.0525
 1216 0.0515
 1217 0.0512
 1218 0.0498
 1219 0.0494
 1220 0.0496
 1221 0.0481
 1222 0.0473
 1223 0.0475
 1224 0.0462
 1225 0.0461
 1226 0.0441
 1227 0.0437
 1228 0.0418
 1229 0.0423
 1230 0.0418
 1231 0.0412
 1232 0.0401
 1233 0.0389
 1234 0.0394
 1235 0.0378
 1236 0.0376
 1237 0.0382
 1238 0.0392
 1239 0.0392
 1240 0.0391
 1241 0.0358
 1242 0.0341
 1243 0.0327
 1244 0.0309
 1245 0.0312
 1246 0.0322
 1247 0.0325
 1248 0.0343
 1249 0.0351
 1250 0.0349
 1251 0.0361
 1252 0.0349
 1253 0.0349
 1254 0.0345
 1255 0.0352
 1256 0.0343
 1257 0.0333
 1258 0.0337
 1259 0.0359
 1260 0.0385
 1261 0.0401
 1262 0.0403
 1263 0.0411
 1264 0.0444
 1265 0.0468
 1266 0.0466
 1267 0.0474
 1268 0.0476
 1269 0.0469
 1270 0.0449
 1271 0.0454
 1272 0.0447
 1273 0.044
 1274 0.0447
 1275 0.0444
 1276 0.0446
 1277 0.046
 1278 0.0474
 1279 0.0489
 1280 0.0503
 1281 0.0512
 1282 0.0523
 1283 0.053
 1284 0.0558
 1285 0.0581
 1286 0.0607
 1287 0.0644
 1288 0.0684
 1289 0.07
 1290 0.0734
 1291 0.0736
 1292 0.0714
 1293 0.0683
 1294 0.0685
 1295 0.0684
 1296 0.0683
 1297 0.0694
 1298 0.0706
 1299 0.0726
 1300 0.0725
 1301 0.0722
 1302 0.0738
 1303 0.0756
 1304 0.0788
 1305 0.0822
 1306 0.0828
 1307 0.0889
 1308 0.0923
 1309 0.0925
 1310 0.0912
 1311 0.0932
 1312 0.0969
 1313 0.0991
 1314 0.1007
 1315 0.1047
 1316 0.106
 1317 0.1046
 1318 0.1042
 1319 0.1047
 1320 0.1026
 1321 0.0998
 1322 0.0983
 1323 0.098
 1324 0.0953
 1325 0.0935
 1326 0.0918
 1327 0.0888
 1328 0.0837
 1329 0.0817
 1330 0.0804
 1331 0.0784
 1332 0.0769
 1333 0.0755
 1334 0.0752
 1335 0.0738
 1336 0.0738
 1337 0.0761
 1338 0.0744
 1339 0.0719
 1340 0.0703
 1341 0.0688
 1342 0.0683
 1343 0.0702
 1344 0.0688
 1345 0.0672
 1346 0.0661
 1347 0.063
 1348 0.0613
 1349 0.0605
 1350 0.0595
 1351 0.0599
 1352 0.0589
 1353 0.0614
 1354 0.0607
 1355 0.0611
 1356 0.0622
 1357 0.0623
 1358 0.0615
 1359 0.0605
 1360 0.0575
 1361 0.0572
 1362 0.0564
 1363 0.0555
 1364 0.0529
 1365 0.0514
 1366 0.0482
 1367 0.0483
 1368 0.0474
 1369 0.044
 1370 0.0432
 1371 0.0423
 1372 0.0432
 1373 0.0433
 1374 0.044
 1375 0.0428
 1376 0.0429
 1377 0.0425
 1378 0.0407
 1379 0.04
 1380 0.0383
 1381 0.0375
 1382 0.0352
 1383 0.0347
 1384 0.0332
 1385 0.033
 1386 0.0327
 1387 0.0316
 1388 0.0317
 1389 0.0321
 1390 0.0322
 1391 0.031
 1392 0.0306
 1393 0.0314
 1394 0.0312
 1395 0.0319
 1396 0.0313
 1397 0.0317
 1398 0.0314
 1399 0.0313
 1400 0.0308
 1401 0.0293
 1402 0.0276
 1403 0.0263
 1404 0.0259
 1405 0.0252
 1406 0.0256
 1407 0.0242
 1408 0.0246
 1409 0.0248
 1410 0.0257
 1411 0.0277
 1412 0.0303
 1413 0.032
 1414 0.0342
 1415 0.0343
 1416 0.0358
 1417 0.0349
 1418 0.0333
 1419 0.034
 1420 0.0346
 1421 0.0357
 1422 0.0365
 1423 0.0366
 1424 0.0374
 1425 0.0402
 1426 0.0416
 1427 0.0433
 1428 0.0469
 1429 0.0494
 1430 0.0515
 1431 0.0539
 1432 0.0563
 1433 0.0579
 1434 0.0604
 1435 0.0615
 1436 0.0642
 1437 0.0647
 1438 0.064
 1439 0.0636
 1440 0.0656
 1441 0.0696
 1442 0.0704
 1443 0.07
 1444 0.0714
 1445 0.0736
 1446 0.0758
 1447 0.0783
 1448 0.0807
 1449 0.0811
 1450 0.0821
 1451 0.0844
 1452 0.0865
 1453 0.0877
 1454 0.0894
 1455 0.0911
 1456 0.0943
 1457 0.0975
 1458 0.0992
 1459 0.0989
 1460 0.0988
 1461 0.1038
 1462 0.106
 1463 0.1087
 1464 0.1111
 1465 0.1159
 1466 0.1202
 1467 0.124
 1468 0.1238
 1469 0.1241
 1470 0.1243
 1471 0.1213
 1472 0.1159
 1473 0.1121
 1474 0.1071
 1475 0.1033
 1476 0.0999
 1477 0.0983
 1478 0.0978
 1479 0.0945
 1480 0.0928
 1481 0.0898
 1482 0.0869
 1483 0.0841
 1484 0.0806
 1485 0.0774
 1486 0.0755
 1487 0.0733
 1488 0.0698
 1489 0.0675
 1490 0.0644
 1491 0.0623
 1492 0.0593
 1493 0.0573
 1494 0.056
 1495 0.0522
 1496 0.0505
 1497 0.0502
 1498 0.0486
 1499 0.048
 1500 0.048
 1501 0.0472
 1502 0.0472
 1503 0.0468
 1504 0.0464
 1505 0.0469
 1506 0.047
 1507 0.0469
 1508 0.0462
 1509 0.0463
 1510 0.0465
 1511 0.0448
 1512 0.0449
 1513 0.0449
 1514 0.0428
 1515 0.0409
 1516 0.0387
 1517 0.0373
 1518 0.036
 1519 0.0337
 1520 0.0331
 1521 0.0331
 1522 0.0324
 1523 0.0325
 1524 0.0315
 1525 0.0308
 1526 0.0316
 1527 0.0303
 1528 0.03
 1529 0.0308
 1530 0.0294
 1531 0.0298
 1532 0.0297
 1533 0.0285
 1534 0.0281
 1535 0.0262
 1536 0.0261
 1537 0.0243
 1538 0.0238
 1539 0.0222
 1540 0.0217
 1541 0.0204
 1542 0.0197
 1543 0.0191
 1544 0.0185
 1545 0.0189
 1546 0.0187
 1547 0.0183
 1548 0.0184
 1549 0.0175
 1550 0.0174
 1551 0.0177
 1552 0.0189
 1553 0.0195
 1554 0.0197
 1555 0.0208
 1556 0.0222
 1557 0.0222
 1558 0.0225
 1559 0.0226
 1560 0.0233
 1561 0.0237
 1562 0.023
 1563 0.0229
 1564 0.0241
 1565 0.0259
 1566 0.0275
 1567 0.0285
 1568 0.0311
 1569 0.0353
 1570 0.0386
 1571 0.0427
 1572 0.0452
 1573 0.05
 1574 0.0508
 1575 0.0509
 1576 0.052
 1577 0.0523
 1578 0.0549
 1579 0.0548
 1580 0.0551
 1581 0.0566
 1582 0.0587
 1583 0.0609
 1584 0.0623
 1585 0.0642
 1586 0.0668
 1587 0.0678
 1588 0.067
 1589 0.0659
 1590 0.0677
 1591 0.069
 1592 0.071
 1593 0.0743
 1594 0.0783
 1595 0.0818
 1596 0.0821
 1597 0.084
 1598 0.089
 1599 0.091
 1600 0.0918
 1601 0.0948
 1602 0.0971
 1603 0.1021
 1604 0.1036
 1605 0.1066
 1606 0.108
 1607 0.1089
 1608 0.1122
 1609 0.1118
 1610 0.1123
 1611 0.1142
 1612 0.1165
 1613 0.1189
 1614 0.116
 1615 0.1156
 1616 0.1116
 1617 0.1096
 1618 0.1096
 1619 0.1107
 1620 0.112
 1621 0.109
 1622 0.1099
 1623 0.1112
 1624 0.114
 1625 0.1158
 1626 0.1121
 1627 0.1109
 1628 0.1083
 1629 0.1038
 1630 0.0989
 1631 0.0944
 1632 0.0936
 1633 0.0923
 1634 0.0907
 1635 0.087
 1636 0.0833
 1637 0.0826
 1638 0.0788
 1639 0.0757
 1640 0.0745
 1641 0.0737
 1642 0.0736
 1643 0.0726
 1644 0.0719
 1645 0.0708
 1646 0.0669
 1647 0.0628
 1648 0.0611
 1649 0.0586
 1650 0.0554
 1651 0.0543
 1652 0.0529
 1653 0.053
 1654 0.0504
 1655 0.0495
 1656 0.0491
 1657 0.0463
 1658 0.0467
 1659 0.0465
 1660 0.0441
 1661 0.0432
 1662 0.0431
 1663 0.0429
 1664 0.0422
 1665 0.0397
 1666 0.0384
 1667 0.0375
 1668 0.0374
 1669 0.0375
 1670 0.0368
 1671 0.035
 1672 0.0347
 1673 0.0344
 1674 0.035
 1675 0.0338
 1676 0.0327
 1677 0.0325
 1678 0.0338
 1679 0.0343
 1680 0.0356
 1681 0.0347
 1682 0.0331
 1683 0.0332
 1684 0.0338
 1685 0.0336
 1686 0.0328
 1687 0.0326
 1688 0.0321
 1689 0.0311
 1690 0.031
 1691 0.0296
 1692 0.0289
 1693 0.0276
 1694 0.0283
 1695 0.0285
 1696 0.0295
 1697 0.0296
 1698 0.0296
 1699 0.03
 1700 0.0287
 1701 0.0287
 1702 0.029
 1703 0.0312
 1704 0.0308
 1705 0.0319
 1706 0.0311
 1707 0.0305
 1708 0.0323
 1709 0.0328
 1710 0.0364
 1711 0.0387
 1712 0.0402
 1713 0.043
 1714 0.0465
 1715 0.0495
 1716 0.0527
 1717 0.0554
 1718 0.0586
 1719 0.0608
 1720 0.0623
 1721 0.0646
 1722 0.0642
 1723 0.0655
 1724 0.0681
 1725 0.0683
 1726 0.0684
 1727 0.0698
 1728 0.0691
 1729 0.0704
 1730 0.0707
 1731 0.0734
 1732 0.0736
 1733 0.0744
 1734 0.0745
 1735 0.077
 1736 0.077
 1737 0.0773
 1738 0.0758
 1739 0.0744
 1740 0.0723
 1741 0.0733
 1742 0.0746
 1743 0.0754
 1744 0.0772
 1745 0.0774
 1746 0.079
 1747 0.0774
 1748 0.0797
 1749 0.0803
 1750 0.0795
 1751 0.0784
 1752 0.079
 1753 0.0801
 1754 0.0813
 1755 0.0832
 1756 0.0843
 1757 0.0851
 1758 0.0833
 1759 0.081
 1760 0.0791
 1761 0.0762
 1762 0.0738
 1763 0.0713
 1764 0.073
 1765 0.0728
 1766 0.0723
 1767 0.0712
 1768 0.0716
 1769 0.0721
 1770 0.0705
 1771 0.0687
 1772 0.0662
 1773 0.0662
 1774 0.0655
 1775 0.0645
 1776 0.0635
 1777 0.0602
 1778 0.0588
 1779 0.0563
 1780 0.0556
 1781 0.0528
 1782 0.0511
 1783 0.0493
 1784 0.0491
 1785 0.0488
 1786 0.0476
 1787 0.0468
 1788 0.0449
 1789 0.0433
 1790 0.0428
 1791 0.0424
 1792 0.0434
 1793 0.044
 1794 0.0425
 1795 0.0421
 1796 0.0428
 1797 0.0435
 1798 0.0432
 1799 0.0433
 1800 0.043
 1801 0.0428
 1802 0.042
 1803 0.0405
 1804 0.04
 1805 0.0397
 1806 0.0389
 1807 0.0392
 1808 0.0411
 1809 0.0418
 1810 0.0432
 1811 0.0454
 1812 0.0468
 1813 0.0483
 1814 0.0477
 1815 0.0465
 1816 0.0461
 1817 0.0452
 1818 0.0441
 1819 0.043
 1820 0.0404
 1821 0.0411
 1822 0.0426
 1823 0.0447
 1824 0.0498
 1825 0.0515
 1826 0.0539
 1827 0.0556
 1828 0.0573
 1829 0.0597
 1830 0.0616
 1831 0.0643
 1832 0.0647
 1833 0.0635
 1834 0.063
 1835 0.0631
 1836 0.061
 1837 0.0612
 1838 0.0598
 1839 0.0573
 1840 0.0555
 1841 0.0536
 1842 0.0542
 1843 0.0544
 1844 0.0556
 1845 0.0555
 1846 0.0578
 1847 0.0587
 1848 0.0587
 1849 0.0561
 1850 0.0526
 1851 0.0515
 1852 0.0508
 1853 0.0513
 1854 0.051
 1855 0.0518
 1856 0.0521
 1857 0.0543
 1858 0.0533
 1859 0.0531
 1860 0.0543
 1861 0.0559
 1862 0.0579
 1863 0.0573
 1864 0.0573
 1865 0.0572
 1866 0.0582
 1867 0.0579
 1868 0.0588
 1869 0.0596
 1870 0.061
 1871 0.062
 1872 0.0634
 1873 0.0655
 1874 0.0659
 1875 0.0663
 1876 0.0673
 1877 0.0673
 1878 0.0701
 1879 0.0705
 1880 0.0702
 1881 0.072
 1882 0.0759
 1883 0.0793
 1884 0.0804
 1885 0.0809
 1886 0.0832
 1887 0.0827
 1888 0.0846
 1889 0.0872
 1890 0.0873
 1891 0.0881
 1892 0.0871
 1893 0.0852
 1894 0.0839
 1895 0.0829
 1896 0.0819
 1897 0.083
 1898 0.0824
 1899 0.0818
 1900 0.0823
 1901 0.0838
 1902 0.0865
 1903 0.0868
 1904 0.0871
 1905 0.0855
 1906 0.0819
 1907 0.0813
 1908 0.0789
 1909 0.0765
 1910 0.0744
 1911 0.0717
 1912 0.0713
 1913 0.0683
 1914 0.0671
 1915 0.0669
 1916 0.0656
 1917 0.0661
 1918 0.0656
 1919 0.065
 1920 0.0624
 1921 0.0615
 1922 0.0595
 1923 0.0573
 1924 0.0561
 1925 0.0541
 1926 0.0537
 1927 0.053
 1928 0.0519
 1929 0.0503
 1930 0.0501
 1931 0.0486
 1932 0.0473
 1933 0.0464
 1934 0.0466
 1935 0.0469
 1936 0.0462
 1937 0.0475
 1938 0.0459
 1939 0.0465
 1940 0.0455
 1941 0.0442
 1942 0.0452
 1943 0.0444
 1944 0.0456
 1945 0.0441
 1946 0.0423
 1947 0.0395
 1948 0.0371
 1949 0.0365
 1950 0.0362
 1951 0.0362
 1952 0.0358
 1953 0.035
 1954 0.0359
 1955 0.0365
 1956 0.0358
 1957 0.0354
 1958 0.0372
 1959 0.039
 1960 0.0402
 1961 0.0419
 1962 0.042
 1963 0.0426
 1964 0.044
 1965 0.0437
 1966 0.0458
 1967 0.048
 1968 0.0486
 1969 0.0494
 1970 0.0514
 1971 0.0537
 1972 0.0528
 1973 0.0557
 1974 0.0567
 1975 0.0554
 1976 0.0571
 1977 0.0565
 1978 0.0568
 1979 0.0549
 1980 0.0524
 1981 0.0524
 1982 0.0538
 1983 0.0573
 1984 0.0581
 1985 0.0576
 1986 0.0562
 1987 0.0555
 1988 0.0558
 1989 0.056
 1990 0.0591
 1991 0.0607
 1992 0.0618
 1993 0.0637
 1994 0.0632
 1995 0.0657
 1996 0.0667
 1997 0.069
 1998 0.0707
 1999 0.0722
 2000 0.0742
 2001 0.0729
 2002 0.0721
 2003 0.0714
 2004 0.0721
 2005 0.0716
 2006 0.0696
 2007 0.0712
 2008 0.0731
 2009 0.0738
 2010 0.0733
 2011 0.0729
 2012 0.0739
 2013 0.0748
 2014 0.0726
 2015 0.072
 2016 0.0732
 2017 0.0756
 2018 0.0784
 2019 0.0811
 2020 0.0801
 2021 0.0815
 2022 0.0802
 2023 0.0786
 2024 0.0766
 2025 0.0752
 2026 0.073
 2027 0.0722
 2028 0.0724
 2029 0.0702
 2030 0.0689
 2031 0.0685
 2032 0.068
 2033 0.0685
 2034 0.0675
 2035 0.0657
 2036 0.0662
 2037 0.0662
 2038 0.0641
 2039 0.063
 2040 0.063
 2041 0.06
 2042 0.0572
 2043 0.0549
 2044 0.0528
 2045 0.051
 2046 0.0491
 2047 0.0485
 2048 0.0511
 2049 0.0532
 2050 0.0519
 2051 0.0507
 2052 0.0518
 2053 0.0513
 2054 0.0507
 2055 0.0507
 2056 0.0527
 2057 0.0539
 2058 0.0542
 2059 0.0554
 2060 0.0542
 2061 0.0542
 2062 0.0572
 2063 0.0584
 2064 0.0567
 2065 0.055
 2066 0.0539
 2067 0.0523
 2068 0.0495
 2069 0.0493
 2070 0.0478
 2071 0.0472
 2072 0.0477
 2073 0.0468
 2074 0.0448
 2075 0.0425
 2076 0.0419
 2077 0.0411
 2078 0.0397
 2079 0.0374
 2080 0.0355
 2081 0.0337
 2082 0.033
 2083 0.0333
 2084 0.0355
 2085 0.0386
 2086 0.0399
 2087 0.0426
 2088 0.0424
 2089 0.0444
 2090 0.0461
 2091 0.0482
 2092 0.0509
 2093 0.0533
 2094 0.0551
 2095 0.0575
 2096 0.0579
 2097 0.0586
 2098 0.0604
 2099 0.0595
 2100 0.0621
 2101 0.0632
 2102 0.0616
 2103 0.0622
 2104 0.063
 2105 0.0642
 2106 0.0625
 2107 0.0603
 2108 0.0588
 2109 0.0587
 2110 0.0564
 2111 0.0563
 2112 0.0559
 2113 0.052
 2114 0.0518
 2115 0.0493
 2116 0.0481
 2117 0.0461
 2118 0.0461
 2119 0.0476
 2120 0.0467
 2121 0.0451
 2122 0.0411
 2123 0.0406
 2124 0.0404
 2125 0.0417
 2126 0.0422
 2127 0.0437
 2128 0.0451
 2129 0.0477
 2130 0.0477
 2131 0.0476
 2132 0.049
 2133 0.0492
 2134 0.0486
 2135 0.0497
 2136 0.049
 2137 0.0493
 2138 0.0517
 2139 0.0508
 2140 0.0513
 2141 0.0519
 2142 0.0517
 2143 0.0532
 2144 0.0539
 2145 0.0551
 2146 0.0548
 2147 0.0527
 2148 0.0525
 2149 0.0521
 2150 0.0515
 2151 0.0494
 2152 0.0476
 2153 0.0449
 2154 0.0424
 2155 0.0407
 2156 0.0397
 2157 0.0389
 2158 0.0389
 2159 0.0378
 2160 0.0378
 2161 0.0372
 2162 0.0391
 2163 0.04
 2164 0.0421
 2165 0.0446
 2166 0.0473
 2167 0.0492
 2168 0.0508
 2169 0.0543
 2170 0.0561
 2171 0.0576
 2172 0.0589
 2173 0.0609
 2174 0.0633
 2175 0.0641
 2176 0.0673
 2177 0.0698
 2178 0.0718
 2179 0.0745
 2180 0.0782
 2181 0.0789
 2182 0.0836
 2183 0.0848
 2184 0.088
 2185 0.0917
 2186 0.0964
 2187 0.1019
 2188 0.1036
 2189 0.1099
 2190 0.1148
 2191 0.117
 2192 0.1192
 2193 0.1202
 2194 0.1241
 2195 0.1279
 2196 0.1285
 2197 0.1283
 2198 0.1224
 2199 0.1175
 2200 0.1141
 2201 0.1114
 2202 0.1077
 2203 0.1046
 2204 0.1006
 2205 0.0966
 2206 0.093
 2207 0.0891
 2208 0.0848
 2209 0.0806
 2210 0.0784
 2211 0.0763
 2212 0.0754
 2213 0.0748
 2214 0.0739
 2215 0.0734
 2216 0.0712
 2217 0.0681
 2218 0.0633
 2219 0.0599
 2220 0.0556
 2221 0.0526
 2222 0.05
 2223 0.0478
 2224 0.046
 2225 0.0453
 2226 0.0425
 2227 0.0425
 2228 0.0404
 2229 0.0391
 2230 0.0385
 2231 0.0384
 2232 0.0377
 2233 0.0352
 2234 0.0352
 2235 0.0382
 2236 0.0394
 2237 0.04
 2238 0.0402
 2239 0.0389
 2240 0.0399
 2241 0.0408
 2242 0.041
 2243 0.0409
 2244 0.0422
 2245 0.0417
 2246 0.0409
 2247 0.0417
 2248 0.0421
 2249 0.0421
 2250 0.0418
 2251 0.041
 2252 0.0393
 2253 0.0361
 2254 0.035
 2255 0.0331
 2256 0.0348
 2257 0.0362
 2258 0.0349
 2259 0.0357
 2260 0.0347
 2261 0.0348
 2262 0.0338
 2263 0.0328
 2264 0.032
 2265 0.031
 2266 0.0297
 2267 0.0277
 2268 0.0274
 2269 0.0267
 2270 0.025
 2271 0.0236
 2272 0.0225
 2273 0.0221
 2274 0.0215
 2275 0.0212
 2276 0.0211
 2277 0.0212
 2278 0.0213
 2279 0.022
 2280 0.0236
 2281 0.0241
 2282 0.0249
 2283 0.0264
 2284 0.0268
 2285 0.0275
 2286 0.0271
 2287 0.0287
 2288 0.0293
 2289 0.0306
 2290 0.0326
 2291 0.0362
 2292 0.0377
 2293 0.0398
 2294 0.0398
 2295 0.0406
 2296 0.0413
 2297 0.0427
 2298 0.0438
 2299 0.0467
 2300 0.0493
 2301 0.0503
 2302 0.054
 2303 0.0538
 2304 0.0561
 2305 0.0576
 2306 0.06
 2307 0.0595
 2308 0.0625
 2309 0.0629
 2310 0.0648
 2311 0.0661
 2312 0.0679
 2313 0.0705
 2314 0.0715
 2315 0.0729
 2316 0.073
 2317 0.0744
 2318 0.0766
 2319 0.0796
 2320 0.0802
 2321 0.0812
 2322 0.0801
 2323 0.0827
 2324 0.0843
 2325 0.0839
 2326 0.0849
 2327 0.0873
 2328 0.0893
 2329 0.0917
 2330 0.0937
 2331 0.0968
 2332 0.0956
 2333 0.094
 2334 0.0945
 2335 0.0985
 2336 0.0998
 2337 0.1008
 2338 0.1022
 2339 0.1018
 2340 0.1023
 2341 0.1013
 2342 0.1005
 2343 0.1003
 2344 0.1017
 2345 0.1018
 2346 0.0995
 2347 0.1007
 2348 0.1015
 2349 0.1021
 2350 0.0998
 2351 0.1012
 2352 0.1054
 2353 0.1069
 2354 0.1074
 2355 0.1078
 2356 0.107
 2357 0.1056
 2358 0.1025
 2359 0.1015
 2360 0.1004
 2361 0.101
 2362 0.1009
 2363 0.0992
 2364 0.0946
 2365 0.0926
 2366 0.0889
 2367 0.0857
 2368 0.0829
 2369 0.0809
 2370 0.081
 2371 0.0792
 2372 0.0771
 2373 0.0765
 2374 0.0749
 2375 0.0717
 2376 0.0678
 2377 0.0655
 2378 0.0622
 2379 0.0588
 2380 0.0543
 2381 0.0508
 2382 0.0485
 2383 0.0455
 2384 0.0441
 2385 0.0416
 2386 0.0383
 2387 0.0364
 2388 0.0352
 2389 0.033
 2390 0.0323
 2391 0.0317
 2392 0.0313
 2393 0.0308
 2394 0.0309
 2395 0.0289
 2396 0.0275
 2397 0.0261
 2398 0.0254
 2399 0.0252
 2400 0.0257
 2401 0.0261
 2402 0.0269
 2403 0.0283
 2404 0.0282
 2405 0.028
 2406 0.0276
 2407 0.0265
 2408 0.0249
 2409 0.0244
 2410 0.0241
 2411 0.0242
 2412 0.0247
 2413 0.0257
 2414 0.0259
 2415 0.0256
 2416 0.0253
 2417 0.0252
 2418 0.025
 2419 0.0242
 2420 0.0237
 2421 0.0227
 2422 0.0216
 2423 0.0214
 2424 0.0209
 2425 0.0212
 2426 0.0208
 2427 0.0216
 2428 0.0228
 2429 0.0222
 2430 0.0225
 2431 0.0232
 2432 0.0242
 2433 0.026
 2434 0.0259
 2435 0.0268
 2436 0.0276
 2437 0.0271
 2438 0.0272
 2439 0.0267
 2440 0.028
 2441 0.0286
 2442 0.0296
 2443 0.0293
 2444 0.0288
 2445 0.0279
 2446 0.028
 2447 0.0276
 2448 0.0267
 2449 0.0263
 2450 0.0261
 2451 0.0271
 2452 0.0276
 2453 0.0271
 2454 0.0287
 2455 0.0298
 2456 0.0307
 2457 0.0311
 2458 0.0327
 2459 0.0345
 2460 0.0399
 2461 0.0446
 2462 0.0523
 2463 0.0565
 2464 0.063
 2465 0.0684
 2466 0.0735
 2467 0.0744
 2468 0.0774
 2469 0.0777
 2470 0.078
 2471 0.0799
 2472 0.08
 2473 0.0838
 2474 0.0879
 2475 0.0899
 2476 0.0895
 2477 0.0917
 2478 0.0931
 2479 0.0924
 2480 0.0929
 2481 0.091
 2482 0.0908
 2483 0.0895
 2484 0.0942
 2485 0.0978
 2486 0.0952
 2487 0.096
 2488 0.0968
 2489 0.0995
 2490 0.1006
 2491 0.1006
 2492 0.0991
 2493 0.0993
 2494 0.1006
 2495 0.1038
 2496 0.1023
 2497 0.1017
 2498 0.0992
 2499 0.0979
 2500 0.0954
 2501 0.0949
 2502 0.0923
 2503 0.0901
 2504 0.0871
 2505 0.0874
 2506 0.0881
 2507 0.0863
 2508 0.0887
 2509 0.0899
 2510 0.0901
 2511 0.0907
 2512 0.0949
 2513 0.0962
 2514 0.097
 2515 0.0965
 2516 0.0974
 2517 0.0961
 2518 0.0975
 2519 0.0974
 2520 0.0982
 2521 0.0962
 2522 0.093
 2523 0.0904
 2524 0.0891
 2525 0.0883
 2526 0.0855
 2527 0.0834
 2528 0.0814
 2529 0.0816
 2530 0.0801
 2531 0.0797
 2532 0.0787
 2533 0.0758
 2534 0.0745
 2535 0.0726
 2536 0.0729
 2537 0.0704
 2538 0.069
 2539 0.0662
 2540 0.0636
 2541 0.0591
 2542 0.0557
 2543 0.0545
 2544 0.053
 2545 0.0508
 2546 0.0478
 2547 0.0454
 2548 0.0431
 2549 0.0426
 2550 0.0417
 2551 0.0401
 2552 0.0399
 2553 0.0382
 2554 0.037
 2555 0.0352
 2556 0.0336
 2557 0.033
 2558 0.0322
 2559 0.03
 2560 0.0303
 2561 0.029
 2562 0.0277
 2563 0.028
 2564 0.0276
 2565 0.0267
 2566 0.0247
 2567 0.0227
 2568 0.0226
 2569 0.0216
 2570 0.0205
 2571 0.0202
 2572 0.0185
 2573 0.0184
 2574 0.0179
 2575 0.0177
 2576 0.0177
 2577 0.018
 2578 0.017
 2579 0.0168
 2580 0.0161
 2581 0.0153
 2582 0.0149
 2583 0.0138
 2584 0.0137
 2585 0.0135
 2586 0.0134
 2587 0.0132
 2588 0.013
 2589 0.0131
 2590 0.013
 2591 0.0125
 2592 0.0131
 2593 0.0127
 2594 0.0133
 2595 0.0133
 2596 0.0135
 2597 0.0133
 2598 0.0126
 2599 0.0128
 2600 0.0124
 2601 0.0131
 2602 0.0129
 2603 0.0133
 2604 0.0136
 2605 0.014
 2606 0.0151
 2607 0.0175
 2608 0.0186
 2609 0.0201
 2610 0.0204
 2611 0.0215
 2612 0.0239
 2613 0.0272
 2614 0.0302
 2615 0.0325
 2616 0.0342
 2617 0.0375
 2618 0.0406
 2619 0.0434
 2620 0.0477
 2621 0.0486
 2622 0.0505
 2623 0.0521
 2624 0.0532
 2625 0.0545
 2626 0.0576
 2627 0.0596
 2628 0.0623
 2629 0.0661
 2630 0.0693
 2631 0.0709
 2632 0.0709
 2633 0.0727
 2634 0.0715
 2635 0.0724
 2636 0.0742
 2637 0.0748
 2638 0.0749
 2639 0.0766
 2640 0.081
 2641 0.0811
 2642 0.0827
 2643 0.084
 2644 0.0843
 2645 0.0871
 2646 0.0891
 2647 0.0935
 2648 0.0929
 2649 0.1004
 2650 0.1058
 2651 0.1099
 2652 0.1107
 2653 0.1135
 2654 0.1146
 2655 0.1155
 2656 0.1176
 2657 0.1167
 2658 0.1143
 2659 0.114
 2660 0.1122
 2661 0.1129
 2662 0.1135
 2663 0.1155
 2664 0.1139
 2665 0.1156
 2666 0.1132
 2667 0.1113
 2668 0.1095
 2669 0.1134
 2670 0.1149
 2671 0.1142
 2672 0.117
 2673 0.1217
 2674 0.1241
 2675 0.1261
 2676 0.1249
 2677 0.1228
 2678 0.1208
 2679 0.1148
 2680 0.1151
 2681 0.1111
 2682 0.1074
 2683 0.1033
 2684 0.0979
 2685 0.093
 2686 0.0908
 2687 0.089
 2688 0.0865
 2689 0.0843
 2690 0.0811
 2691 0.0793
 2692 0.0761
 2693 0.0716
 2694 0.0707
 2695 0.0676
 2696 0.0664
 2697 0.0625
 2698 0.0591
 2699 0.0572
 2700 0.0553
 2701 0.0527
 2702 0.0501
 2703 0.0482
 2704 0.0463
 2705 0.0449
 2706 0.0432
 2707 0.0416
 2708 0.0399
 2709 0.0404
 2710 0.038
 2711 0.0357
 2712 0.0334
 2713 0.0321
 2714 0.0314
 2715 0.0298
 2716 0.0271
 2717 0.0259
 2718 0.0243
 2719 0.0234
 2720 0.0223
 2721 0.0222
 2722 0.0222
 2723 0.0214
 2724 0.0213
 2725 0.0208
 2726 0.0203
 2727 0.0209
 2728 0.0217
 2729 0.0204
 2730 0.0211
 2731 0.0218
 2732 0.0208
 2733 0.0207
 2734 0.0209
 2735 0.0217
 2736 0.0224
 2737 0.0244
 2738 0.0255
 2739 0.0264
 2740 0.0272
 2741 0.0288
 2742 0.0313
 2743 0.0316
 2744 0.0341
 2745 0.0362
 2746 0.0379
 2747 0.0379
 2748 0.0364
 2749 0.0366
 2750 0.0358
 2751 0.0377
 2752 0.0384
 2753 0.0388
 2754 0.039
 2755 0.0404
 2756 0.0401
 2757 0.0399
 2758 0.0408
 2759 0.0419
 2760 0.0426
 2761 0.0421
 2762 0.0422
 2763 0.0447
 2764 0.0447
 2765 0.045
 2766 0.044
 2767 0.0433
 2768 0.0435
 2769 0.0422
 2770 0.0406
 2771 0.0417
 2772 0.0414
 2773 0.0414
 2774 0.0412
 2775 0.0414
 2776 0.0416
 2777 0.0424
 2778 0.0436
 2779 0.0437
 2780 0.0445
 2781 0.0465
 2782 0.0491
 2783 0.0501
 2784 0.0543
 2785 0.0573
 2786 0.058
 2787 0.0591
 2788 0.0595
 2789 0.0611
 2790 0.0619
 2791 0.0657
 2792 0.0652
 2793 0.0688
 2794 0.0711
 2795 0.0733
 2796 0.073
 2797 0.0731
 2798 0.0738
 2799 0.0737
 2800 0.073
 2801 0.0721
 2802 0.0725
 2803 0.074
 2804 0.0771
 2805 0.0812
 2806 0.0841
 2807 0.0845
 2808 0.085
 2809 0.0865
 2810 0.0845
 2811 0.0844
 2812 0.0851
 2813 0.0865
 2814 0.0871
 2815 0.0886
 2816 0.0879
 2817 0.0883
 2818 0.0851
 2819 0.0831
 2820 0.0832
 2821 0.0836
 2822 0.0836
 2823 0.0847
 2824 0.0857
 2825 0.0882
 2826 0.0856
 2827 0.0876
 2828 0.0874
 2829 0.0879
 2830 0.0884
 2831 0.0891
 2832 0.0908
 2833 0.0901
 2834 0.0895
 2835 0.089
 2836 0.0891
 2837 0.0898
 2838 0.0881
 2839 0.0904
 2840 0.0909
 2841 0.0914
 2842 0.0913
 2843 0.0895
 2844 0.0879
 2845 0.089
 2846 0.086
 2847 0.0876
 2848 0.0869
 2849 0.0883
 2850 0.0893
 2851 0.0893
 2852 0.0863
 2853 0.0827
 2854 0.0787
 2855 0.0743
 2856 0.0726
 2857 0.0727
 2858 0.0714
 2859 0.0672
 2860 0.0659
 2861 0.0637
 2862 0.0606
 2863 0.0589
 2864 0.0567
 2865 0.0559
 2866 0.0547
 2867 0.0515
 2868 0.052
 2869 0.0489
 2870 0.0471
 2871 0.0461
 2872 0.045
 2873 0.045
 2874 0.0425
 2875 0.0411
 2876 0.04
 2877 0.0385
 2878 0.039
 2879 0.0391
 2880 0.0388
 2881 0.0384
 2882 0.0413
 2883 0.0437
 2884 0.0425
 2885 0.0434
 2886 0.0425
 2887 0.0421
 2888 0.0433
 2889 0.0436
 2890 0.0448
 2891 0.0448
 2892 0.0458
 2893 0.0471
 2894 0.049
 2895 0.0499
 2896 0.0504
 2897 0.0514
 2898 0.0527
 2899 0.0534
 2900 0.0534
 2901 0.0535
 2902 0.0536
 2903 0.0513
 2904 0.0486
 2905 0.0483
 2906 0.0469
 2907 0.0464
 2908 0.0443
 2909 0.0422
 2910 0.0415
 2911 0.0411
 2912 0.04
 2913 0.0385
 2914 0.0363
 2915 0.0363
 2916 0.034
 2917 0.0328
 2918 0.0319
 2919 0.0316
 2920 0.0309
 2921 0.0301
 2922 0.0299
 2923 0.0289
 2924 0.0273
 2925 0.0277
 2926 0.0272
 2927 0.027
 2928 0.027
 2929 0.0268
 2930 0.0255
 2931 0.0258
 2932 0.0268
 2933 0.0266
 2934 0.027
 2935 0.026
 2936 0.0266
 2937 0.0287
 2938 0.0278
 2939 0.0274
 2940 0.0271
 2941 0.0268
 2942 0.0277
 2943 0.029
 2944 0.0298
 2945 0.0304
 2946 0.0329
 2947 0.0334
 2948 0.0331
 2949 0.0353
 2950 0.0367
 2951 0.0378
 2952 0.039
 2953 0.0423
 2954 0.046
 2955 0.0479
 2956 0.0512
 2957 0.0523
 2958 0.0545
 2959 0.0551
 2960 0.0581
 2961 0.0589
 2962 0.0586
 2963 0.0598
 2964 0.0598
 2965 0.0601
 2966 0.0603
 2967 0.0626
 2968 0.0634
 2969 0.0659
 2970 0.0686
 2971 0.0681
 2972 0.0682
 2973 0.0688
 2974 0.0685
 2975 0.0693
 2976 0.0677
 2977 0.0672
 2978 0.0676
 2979 0.068
 2980 0.0693
 2981 0.0712
 2982 0.0731
 2983 0.0745
 2984 0.0756
 2985 0.078
 2986 0.0787
 2987 0.08
 2988 0.0794
 2989 0.0822
 2990 0.0848
 2991 0.0873
 2992 0.0886
 2993 0.0888
 2994 0.0888
 2995 0.0934
 2996 0.0949
 2997 0.0987
 2998 0.1016
 2999 0.1011
 3000 0.1021
 3001 0.104
 3002 0.1067
 3003 0.108
 3004 0.1099
 3005 0.1101
 3006 0.1098
 3007 0.1104
 3008 0.1108
 3009 0.11
 3010 0.1087
 3011 0.1046
 3012 0.1005
 3013 0.0977
 3014 0.0964
 3015 0.0933
 3016 0.0898
 3017 0.0858
 3018 0.0841
 3019 0.0832
 3020 0.0804
 3021 0.0791
 3022 0.0771
 3023 0.0749
 3024 0.0726
 3025 0.0698
 3026 0.0679
 3027 0.066
 3028 0.0631
 3029 0.0607
 3030 0.06
 3031 0.0576
 3032 0.0553
 3033 0.0548
 3034 0.0549
 3035 0.0504
 3036 0.0502
 3037 0.0482
 3038 0.0464
 3039 0.0451
 3040 0.0432
 3041 0.041
 3042 0.0414
 3043 0.0416
 3044 0.041
 3045 0.0411
 3046 0.0401
 3047 0.0394
 3048 0.0391
 3049 0.0391
 3050 0.0389
 3051 0.0393
 3052 0.0395
 3053 0.0397
 3054 0.0389
 3055 0.0384
 3056 0.0383
 3057 0.0378
 3058 0.0393
 3059 0.0392
 3060 0.0391
 3061 0.0398
 3062 0.0382
 3063 0.0381
 3064 0.0387
 3065 0.0384
 3066 0.0383
 3067 0.0392
 3068 0.039
 3069 0.039
 3070 0.0401
 3071 0.0405
 3072 0.0391
 3073 0.0381
 3074 0.037
 3075 0.0369
 3076 0.0348
 3077 0.0339
 3078 0.0313
 3079 0.0312
 3080 0.031
 3081 0.0303
 3082 0.0301
 3083 0.031
 3084 0.0302
 3085 0.0316
 3086 0.0319
 3087 0.0321
 3088 0.0342
 3089 0.0363
 3090 0.0375
 3091 0.0389
 3092 0.04
 3093 0.0421
 3094 0.0442
 3095 0.0455
 3096 0.0478
 3097 0.051
 3098 0.0522
 3099 0.0566
 3100 0.0569
 3101 0.0565
 3102 0.0585
 3103 0.0608
 3104 0.0602
 3105 0.0605
 3106 0.0639
 3107 0.0622
 3108 0.0609
 3109 0.0611
 3110 0.0615
 3111 0.0624
 3112 0.063
 3113 0.0635
 3114 0.0627
 3115 0.0631
 3116 0.0643
 3117 0.0665
 3118 0.0666
 3119 0.0663
 3120 0.0686
 3121 0.0691
 3122 0.0715
 3123 0.0739
 3124 0.0769
 3125 0.077
 3126 0.0735
 3127 0.0723
 3128 0.072
 3129 0.0703
 3130 0.0684
 3131 0.0661
 3132 0.0656
 3133 0.0678
 3134 0.0684
 3135 0.0687
 3136 0.0703
 3137 0.0702
 3138 0.0703
 3139 0.0723
 3140 0.0738
 3141 0.0736
 3142 0.0757
 3143 0.0764
 3144 0.0769
 3145 0.0771
 3146 0.0782
 3147 0.0802
 3148 0.0817
 3149 0.0861
 3150 0.0874
 3151 0.0889
 3152 0.0908
 3153 0.0905
 3154 0.0911
 3155 0.0928
 3156 0.0937
 3157 0.0923
 3158 0.0909
 3159 0.0897
 3160 0.0885
 3161 0.0907
 3162 0.0909
 3163 0.0928
 3164 0.0919
 3165 0.0905
 3166 0.0894
 3167 0.0858
 3168 0.0874
 3169 0.0886
 3170 0.0893
 3171 0.0863
 3172 0.0866
 3173 0.0848
 3174 0.0828
 3175 0.0813
 3176 0.0796
 3177 0.0773
 3178 0.0766
 3179 0.0756
 3180 0.0726
 3181 0.0714
 3182 0.0708
 3183 0.0671
 3184 0.0656
 3185 0.064
 3186 0.0621
 3187 0.0634
 3188 0.0632
 3189 0.0608
 3190 0.0593
 3191 0.0581
 3192 0.0565
 3193 0.0549
 3194 0.0513
 3195 0.05
 3196 0.0496
 3197 0.0474
 3198 0.046
 3199 0.0455
 3200 0.0438
 3201 0.0424
 3202 0.0404
 3203 0.0385
 3204 0.0369
 3205 0.0347
 3206 0.0322
 3207 0.031
 3208 0.0297
 3209 0.028
 3210 0.0281
 3211 0.0264
 3212 0.025
 3213 0.0232
 3214 0.0219
 3215 0.0205
 3216 0.0197
 3217 0.0189
 3218 0.018
 3219 0.0176
 3220 0.0171
 3221 0.0173
 3222 0.0173
 3223 0.0171
 3224 0.0165
 3225 0.0155
 3226 0.0147
 3227 0.0147
 3228 0.0142
 3229 0.0143
 3230 0.0142
 3231 0.0143
 3232 0.0145
 3233 0.0142
 3234 0.0136
 3235 0.0134
 3236 0.0133
 3237 0.0141
 3238 0.014
 3239 0.014
 3240 0.0139
 3241 0.014
 3242 0.0142
 3243 0.0148
 3244 0.0155
 3245 0.016
 3246 0.0166
 3247 0.0164
 3248 0.0173
 3249 0.0188
 3250 0.0199
 3251 0.0235
 3252 0.0236
 3253 0.0255
 3254 0.0267
 3255 0.0285
 3256 0.0304
 3257 0.0354
 3258 0.0383
 3259 0.0411
 3260 0.0422
 3261 0.0453
 3262 0.0489
 3263 0.0539
 3264 0.0568
 3265 0.0603
 3266 0.0641
 3267 0.0676
 3268 0.0712
 3269 0.0743
 3270 0.0763
 3271 0.0813
 3272 0.0864
 3273 0.089
 3274 0.0919
 3275 0.0954
 3276 0.0984
 3277 0.0972
 3278 0.0999
 3279 0.0992
 3280 0.0987
 3281 0.0984
 3282 0.0982
 3283 0.0958
 3284 0.0965
 3285 0.0954
 3286 0.0948
 3287 0.0962
 3288 0.0921
 3289 0.092
 3290 0.0908
 3291 0.0924
 3292 0.0921
 3293 0.0927
 3294 0.0937
 3295 0.0952
 3296 0.0926
 3297 0.0913
 3298 0.0902
 3299 0.0869
 3300 0.0853
 3301 0.0829
 3302 0.0821
 3303 0.084
 3304 0.0836
 3305 0.0835
 3306 0.0849
 3307 0.0869
 3308 0.0886
 3309 0.0921
 3310 0.0928
 3311 0.0938
 3312 0.0926
 3313 0.0904
 3314 0.0916
 3315 0.0916
 3316 0.0908
 3317 0.0903
 3318 0.0906
 3319 0.0885
 3320 0.0891
 3321 0.0908
 3322 0.0891
 3323 0.0884
 3324 0.0875
 3325 0.085
 3326 0.0811
 3327 0.0792
 3328 0.0771
 3329 0.0749
 3330 0.073
 3331 0.0728
 3332 0.07
 3333 0.0664
 3334 0.0649
 3335 0.0643
 3336 0.0621
 3337 0.0617
 3338 0.0617
 3339 0.0605
 3340 0.0597
 3341 0.0577
 3342 0.0577
 3343 0.056
 3344 0.0553
 3345 0.0536
 3346 0.0505
 3347 0.0485
 3348 0.0457
 3349 0.044
 3350 0.0421
 3351 0.0416
 3352 0.042
 3353 0.0422
 3354 0.0411
 3355 0.0396
 3356 0.0391
 3357 0.0391
 3358 0.0398
 3359 0.0395
 3360 0.0383
 3361 0.036
 3362 0.0341
 3363 0.0333
 3364 0.0323
 3365 0.0312
 3366 0.0294
 3367 0.0282
 3368 0.0278
 3369 0.0278
 3370 0.0268
 3371 0.0259
 3372 0.0248
 3373 0.0246
 3374 0.0248
 3375 0.0248
 3376 0.025
 3377 0.0245
 3378 0.026
 3379 0.0251
 3380 0.0244
 3381 0.0247
 3382 0.0243
 3383 0.022
 3384 0.0214
 3385 0.0215
 3386 0.0207
 3387 0.0206
 3388 0.0211
 3389 0.0198
 3390 0.0196
 3391 0.0203
 3392 0.0222
 3393 0.0232
 3394 0.0241
 3395 0.0259
 3396 0.0262
 3397 0.0287
 3398 0.0311
 3399 0.0326
 3400 0.032
 3401 0.0327
 3402 0.0338
 3403 0.0355
 3404 0.0367
 3405 0.0385
 3406 0.0419
 3407 0.0439
 3408 0.0453
 3409 0.0474
 3410 0.0484
 3411 0.0513
 3412 0.0551
 3413 0.0575
 3414 0.061
 3415 0.0631
 3416 0.0641
 3417 0.0645
 3418 0.0677
 3419 0.0707
 3420 0.0743
 3421 0.0758
 3422 0.0758
 3423 0.077
 3424 0.0801
 3425 0.0817
 3426 0.0841
 3427 0.0858
 3428 0.0859
 3429 0.0848
 3430 0.0862
 3431 0.0877
 3432 0.0879
 3433 0.0867
 3434 0.0863
 3435 0.0863
 3436 0.0868
 3437 0.0869
 3438 0.0852
 3439 0.084
 3440 0.0814
 3441 0.0796
 3442 0.0781
 3443 0.076
 3444 0.0766
 3445 0.0778
 3446 0.0804
 3447 0.0789
 3448 0.0788
 3449 0.0799
 3450 0.0786
 3451 0.08
 3452 0.0799
 3453 0.0792
 3454 0.0797
 3455 0.0809
 3456 0.0804
 3457 0.0822
 3458 0.0818
 3459 0.0825
 3460 0.0806
 3461 0.0804
 3462 0.0816
 3463 0.0798
 3464 0.0789
 3465 0.0807
 3466 0.0807
 3467 0.0824
 3468 0.0809
 3469 0.0844
 3470 0.0862
 3471 0.0845
 3472 0.086
 3473 0.0837
 3474 0.083
 3475 0.0849
 3476 0.0814
 3477 0.0812
 3478 0.0795
 3479 0.0786
 3480 0.0776
 3481 0.0774
 3482 0.0796
 3483 0.0781
 3484 0.0761
 3485 0.0756
 3486 0.0734
 3487 0.0715
 3488 0.0702
 3489 0.0686
 3490 0.0684
 3491 0.066
 3492 0.0653
 3493 0.0636
 3494 0.0616
 3495 0.0592
 3496 0.0578
 3497 0.0555
 3498 0.0539
 3499 0.0524
 3500 0.0514
 3501 0.048
 3502 0.0464
 3503 0.0443
 3504 0.0425
 3505 0.0422
 3506 0.0425
 3507 0.0425
 3508 0.0426
 3509 0.0413
 3510 0.0417
 3511 0.0416
 3512 0.041
 3513 0.0422
 3514 0.0413
 3515 0.0397
 3516 0.0378
 3517 0.0348
 3518 0.0349
 3519 0.0345
 3520 0.0325
 3521 0.0314
 3522 0.0308
 3523 0.029
 3524 0.0282
 3525 0.0268
 3526 0.0247
 3527 0.0235
 3528 0.0236
 3529 0.0231
 3530 0.0243
 3531 0.0246
 3532 0.0238
 3533 0.026
 3534 0.0274
 3535 0.0286
 3536 0.0308
 3537 0.0344
 3538 0.0356
 3539 0.0403
 3540 0.0429
 3541 0.0457
 3542 0.0487
 3543 0.05
 3544 0.0546
 3545 0.0591
 3546 0.0616
 3547 0.064
 3548 0.0644
 3549 0.0646
 3550 0.0646
 3551 0.065
 3552 0.0642
 3553 0.0641
 3554 0.0646
 3555 0.0675
 3556 0.0701
 3557 0.0743
 3558 0.0744
 3559 0.0748
 3560 0.0754
 3561 0.0764
 3562 0.0792
 3563 0.0816
 3564 0.0818
 3565 0.0849
 3566 0.0858
 3567 0.0865
 3568 0.092
 3569 0.0954
 3570 0.0987
 3571 0.1031
 3572 0.1014
 3573 0.1028
 3574 0.1027
 3575 0.1036
 3576 0.1051
 3577 0.1045
 3578 0.1026
 3579 0.1022
 3580 0.1013
 3581 0.1004
 3582 0.099
 3583 0.0964
 3584 0.0937
 3585 0.0936
 3586 0.0898
 3587 0.0874
 3588 0.0838
 3589 0.0809
 3590 0.0776
 3591 0.0738
 3592 0.07
 3593 0.0689
 3594 0.0654
 3595 0.0635
 3596 0.0615
 3597 0.0601
 3598 0.0586
 3599 0.0588
 3600 0.0588
 3601 0.0574
 3602 0.0583
 3603 0.0582
 3604 0.0585
 3605 0.0566
 3606 0.0564
 3607 0.0567
 3608 0.0572
 3609 0.055
 3610 0.0527
 3611 0.0513
 3612 0.0493
 3613 0.0493
 3614 0.0481
 3615 0.0473
 3616 0.047
 3617 0.0457
 3618 0.0456
 3619 0.0453
 3620 0.0461
 3621 0.0473
 3622 0.0467
 3623 0.0457
 3624 0.047
 3625 0.0476
 3626 0.0472
 3627 0.0459
 3628 0.048
 3629 0.0484
 3630 0.046
 3631 0.0452
 3632 0.0434
 3633 0.0428
 3634 0.0425
 3635 0.0424
 3636 0.0417
 3637 0.0413
 3638 0.0411
 3639 0.0416
 3640 0.0421
 3641 0.0414
 3642 0.04
 3643 0.0392
 3644 0.0374
 3645 0.0371
 3646 0.0363
 3647 0.0357
 3648 0.0368
 3649 0.0364
 3650 0.0351
 3651 0.0338
 3652 0.0321
 3653 0.0316
 3654 0.0305
 3655 0.0285
 3656 0.0292
 3657 0.0295
 3658 0.03
 3659 0.0309
 3660 0.0313
 3661 0.0324
 3662 0.033
 3663 0.0338
 3664 0.0349
 3665 0.0363
 3666 0.038
 3667 0.0384
 3668 0.0397
 3669 0.04
 3670 0.0416
 3671 0.0404
 3672 0.0399
 3673 0.0383
 3674 0.0382
 3675 0.0389
 3676 0.0405
 3677 0.0414
 3678 0.0408
 3679 0.04
 3680 0.0402
 3681 0.0397
 3682 0.0394
 3683 0.0407
 3684 0.0383
 3685 0.0373
 3686 0.0357
 3687 0.0357
 3688 0.0374
 3689 0.0399
 3690 0.0397
 3691 0.0412
 3692 0.0434
 3693 0.0455
 3694 0.0447
 3695 0.0458
 3696 0.0463
 3697 0.0483
 3698 0.0499
 3699 0.05
 3700 0.0494
 3701 0.0488
 3702 0.0487
 3703 0.0477
 3704 0.0498
 3705 0.049
 3706 0.0505
 3707 0.0494
 3708 0.0493
 3709 0.0502
 3710 0.0512
 3711 0.0503
 3712 0.0517
 3713 0.0549
 3714 0.0538
 3715 0.055
 3716 0.0551
 3717 0.0574
 3718 0.0599
 3719 0.0654
 3720 0.0702
 3721 0.0751
 3722 0.0798
 3723 0.0821
 3724 0.0864
 3725 0.0863
 3726 0.0878
 3727 0.0882
 3728 0.0883
 3729 0.0905
 3730 0.09
 3731 0.0928
 3732 0.0946
 3733 0.0924
 3734 0.0956
 3735 0.0964
 3736 0.0984
 3737 0.0982
 3738 0.1008
 3739 0.1001
 3740 0.0982
 3741 0.0968
 3742 0.0958
 3743 0.0939
 3744 0.0911
 3745 0.0904
 3746 0.0913
 3747 0.0917
 3748 0.0904
 3749 0.0921
 3750 0.0914
 3751 0.0916
 3752 0.0923
 3753 0.0916
 3754 0.0905
 3755 0.0901
 3756 0.0877
 3757 0.0851
 3758 0.081
 3759 0.0798
 3760 0.0778
 3761 0.0745
 3762 0.0731
 3763 0.0729
 3764 0.0712
 3765 0.0713
 3766 0.0718
 3767 0.0735
 3768 0.0756
 3769 0.0774
 3770 0.077
 3771 0.0765
 3772 0.0758
 3773 0.0758
 3774 0.0723
 3775 0.0718
 3776 0.0709
 3777 0.0695
 3778 0.0678
 3779 0.0673
 3780 0.0643
 3781 0.0624
 3782 0.0615
 3783 0.0591
 3784 0.0582
 3785 0.0559
 3786 0.0551
 3787 0.0543
 3788 0.0553
 3789 0.0554
 3790 0.0542
 3791 0.0537
 3792 0.0537
 3793 0.0528
 3794 0.0494
 3795 0.0471
 3796 0.0453
 3797 0.0437
 3798 0.0423
 3799 0.0414
 3800 0.0397
 3801 0.0398
 3802 0.0395
 3803 0.038
 3804 0.0356
 3805 0.0364
 3806 0.0369
 3807 0.0362
 3808 0.0364
 3809 0.0368
 3810 0.0363
 3811 0.0372
 3812 0.0359
 3813 0.0364
 3814 0.0362
 3815 0.0353
 3816 0.0356
 3817 0.0343
 3818 0.0332
 3819 0.0323
 3820 0.0318
 3821 0.0327
 3822 0.0338
 3823 0.0317
 3824 0.0316
 3825 0.0314
 3826 0.0309
 3827 0.0304
 3828 0.0313
 3829 0.0325
 3830 0.0323
 3831 0.0332
 3832 0.0333
 3833 0.0329
 3834 0.0308
 3835 0.0306
 3836 0.0303
 3837 0.0307
 3838 0.03
 3839 0.03
 3840 0.0297
 3841 0.0307
 3842 0.0328
 3843 0.0345
 3844 0.0351
 3845 0.0359
 3846 0.0363
 3847 0.0375
 3848 0.0379
 3849 0.0411
 3850 0.0429
 3851 0.0424
 3852 0.045
 3853 0.0468
 3854 0.048
 3855 0.0478
 3856 0.0502
 3857 0.0524
 3858 0.0544
 3859 0.0553
 3860 0.0567
 3861 0.0584
 3862 0.0624
 3863 0.0628
 3864 0.0641
 3865 0.0669
 3866 0.0684
 3867 0.0716
 3868 0.0737
 3869 0.0746
 3870 0.0759
 3871 0.0769
 3872 0.0772
 3873 0.078
 3874 0.0767
 3875 0.0765
 3876 0.0765
 3877 0.0771
 3878 0.0788
 3879 0.0794
 3880 0.0823
 3881 0.0844
 3882 0.0836
 3883 0.0833
 3884 0.0824
 3885 0.0841
 3886 0.0852
 3887 0.0852
 3888 0.0827
 3889 0.0809
 3890 0.0801
 3891 0.0789
 3892 0.0771
 3893 0.0736
 3894 0.0736
 3895 0.0717
 3896 0.068
 3897 0.0669
 3898 0.0657
 3899 0.067
 3900 0.0679
 3901 0.0686
 3902 0.0684
 3903 0.0697
 3904 0.0702
 3905 0.071
 3906 0.0734
 3907 0.0764
 3908 0.078
 3909 0.0803
 3910 0.0806
 3911 0.0821
 3912 0.0816
 3913 0.0811
 3914 0.0812
 3915 0.0802
 3916 0.0789
 3917 0.0784
 3918 0.0749
 3919 0.0742
 3920 0.0728
 3921 0.0706
 3922 0.0703
 3923 0.0692
 3924 0.0666
 3925 0.0658
 3926 0.0637
 3927 0.0619
 3928 0.0611
 3929 0.061
 3930 0.0594
 3931 0.0579
 3932 0.0581
 3933 0.0567
 3934 0.0566
 3935 0.0576
 3936 0.0571
 3937 0.0553
 3938 0.0529
 3939 0.0498
 3940 0.0494
 3941 0.0503
 3942 0.05
 3943 0.0473
 3944 0.0485
 3945 0.0482
 3946 0.048
 3947 0.0471
 3948 0.0461
 3949 0.0475
 3950 0.0473
 3951 0.0471
 3952 0.0474
 3953 0.0467
 3954 0.0459
 3955 0.0457
 3956 0.0441
 3957 0.0447
 3958 0.0432
 3959 0.0439
 3960 0.0437
 3961 0.0454
 3962 0.0433
 3963 0.0422
 3964 0.0434
 3965 0.0425
 3966 0.0428
 3967 0.042
 3968 0.0405
 3969 0.0388
 3970 0.0372
 3971 0.034
 3972 0.0338
 3973 0.0335
 3974 0.0334
 3975 0.0342
 3976 0.0344
 3977 0.0354
 3978 0.035
 3979 0.0332
 3980 0.0337
 3981 0.0339
 3982 0.0325
 3983 0.0339
 3984 0.0361
 3985 0.0373
 3986 0.0388
 3987 0.0398
 3988 0.0382
 3989 0.0386
 3990 0.0391
 3991 0.0409
 3992 0.0417
 3993 0.0448
 3994 0.0476
 3995 0.0472
 3996 0.0479
 3997 0.0467
 3998 0.046
 3999 0.0452
 4000 0.047
 4001 0.0457
 4002 0.045
 4003 0.0449
 4004 0.0454
 4005 0.049
 4006 0.0502
 4007 0.0512
 4008 0.0505
 4009 0.0517
 4010 0.0548
 4011 0.0556
 4012 0.0603
 4013 0.0615
 4014 0.0626
 4015 0.0616
 4016 0.0615
 4017 0.0609
 4018 0.0592
 4019 0.0585
 4020 0.0594
 4021 0.0589
 4022 0.057
 4023 0.0594
 4024 0.0626
 4025 0.0616
 4026 0.0622
 4027 0.0619
 4028 0.0626
 4029 0.0629
 4030 0.065
 4031 0.0673
 4032 0.0708
 4033 0.0734
 4034 0.0754
 4035 0.0803
 4036 0.0838
 4037 0.083
 4038 0.0817
 4039 0.0818
 4040 0.0813
 4041 0.0818
 4042 0.0812
 4043 0.0818
 4044 0.0834
 4045 0.0866
 4046 0.0864
 4047 0.0886
 4048 0.0889
 4049 0.0876
 4050 0.0889
 4051 0.0904
 4052 0.0937
 4053 0.094
 4054 0.0941
 4055 0.0954
 4056 0.0954
 4057 0.0913
 4058 0.0917
 4059 0.0898
 4060 0.0861
 4061 0.0836
 4062 0.0803
 4063 0.0757
 4064 0.0723
 4065 0.0693
 4066 0.0664
 4067 0.0651
 4068 0.0645
 4069 0.0627
 4070 0.0604
 4071 0.0575
 4072 0.0547
 4073 0.0546
 4074 0.0537
 4075 0.0546
 4076 0.0531
 4077 0.0555
 4078 0.0558
 4079 0.0565
 4080 0.0563
 4081 0.0577
 4082 0.0599
 4083 0.0616
 4084 0.0598
 4085 0.0578
 4086 0.0593
 4087 0.0591
 4088 0.0575
 4089 0.0556
 4090 0.0545
 4091 0.0527
 4092 0.0519
 4093 0.0493
 4094 0.0471
 4095 0.0457
 4096 0.0444
 4097 0.0423
 4098 0.0406
 4099 0.0398
 4100 0.0389
 4101 0.0373
 4102 0.0349
 4103 0.033
 4104 0.0312
 4105 0.0309
 4106 0.0306
 4107 0.0301
 4108 0.0289
 4109 0.0287
 4110 0.0282
 4111 0.0296
 4112 0.0292
 4113 0.029
 4114 0.0291
 4115 0.0284
 4116 0.0295
 4117 0.0312
 4118 0.031
 4119 0.0301
 4120 0.0289
 4121 0.0259
 4122 0.0266
 4123 0.0273
 4124 0.0284
 4125 0.0279
 4126 0.0284
 4127 0.0282
 4128 0.0266
 4129 0.0258
 4130 0.025
 4131 0.0234
 4132 0.0235
 4133 0.0236
 4134 0.0238
 4135 0.0231
 4136 0.0219
 4137 0.0209
 4138 0.0232
 4139 0.0237
 4140 0.0255
 4141 0.0283
 4142 0.0312
 4143 0.0316
 4144 0.0332
 4145 0.0336
 4146 0.034
 4147 0.0362
 4148 0.0388
 4149 0.0407
 4150 0.0416
 4151 0.042
 4152 0.0428
 4153 0.0468
 4154 0.0478
 4155 0.0474
 4156 0.0482
 4157 0.0471
 4158 0.0471
 4159 0.0486
 4160 0.0503
 4161 0.0535
 4162 0.0554
 4163 0.0577
 4164 0.0612
 4165 0.0641
 4166 0.0691
 4167 0.0691
 4168 0.0706
 4169 0.0746
 4170 0.0757
 4171 0.0797
 4172 0.082
 4173 0.0868
 4174 0.0926
 4175 0.0987
 4176 0.1022
 4177 0.1052
 4178 0.1111
 4179 0.1124
 4180 0.1142
 4181 0.1154
 4182 0.117
 4183 0.1168
 4184 0.1159
 4185 0.1137
 4186 0.113
 4187 0.1124
 4188 0.111
 4189 0.1092
 4190 0.1068
 4191 0.1061
 4192 0.1064
 4193 0.1017
 4194 0.1002
 4195 0.1023
 4196 0.1001
 4197 0.0963
 4198 0.0937
 4199 0.0925
 4200 0.0922
 4201 0.0904
 4202 0.091
 4203 0.093
 4204 0.095
 4205 0.0916
 4206 0.0905
 4207 0.089
 4208 0.0873
 4209 0.0864
 4210 0.0822
 4211 0.0802
 4212 0.0783
 4213 0.0754
 4214 0.0722
 4215 0.0689
 4216 0.0643
 4217 0.062
 4218 0.0592
 4219 0.0591
 4220 0.0575
 4221 0.0567
 4222 0.0547
 4223 0.0545
 4224 0.0528
 4225 0.0523
 4226 0.0514
 4227 0.0516
 4228 0.0515
 4229 0.0516
 4230 0.053
 4231 0.0523
 4232 0.0518
 4233 0.0518
 4234 0.0492
 4235 0.0497
 4236 0.049
 4237 0.0482
 4238 0.0483
 4239 0.0464
 4240 0.0468
 4241 0.0448
 4242 0.043
 4243 0.0408
 4244 0.0403
 4245 0.0411
 4246 0.0416
 4247 0.0431
 4248 0.042
 4249 0.0409
 4250 0.0394
 4251 0.0382
 4252 0.0386
 4253 0.0385
 4254 0.0386
 4255 0.0408
 4256 0.0407
 4257 0.0426
 4258 0.0421
 4259 0.044
 4260 0.0441
 4261 0.0456
 4262 0.0465
 4263 0.0448
 4264 0.0454
 4265 0.046
 4266 0.0463
 4267 0.0461
 4268 0.0466
 4269 0.0478
 4270 0.0467
 4271 0.0464
 4272 0.0458
 4273 0.0437
 4274 0.0438
 4275 0.0431
 4276 0.0438
 4277 0.0435
 4278 0.045
 4279 0.0442
 4280 0.0432
 4281 0.0408
 4282 0.041
 4283 0.0397
 4284 0.0395
 4285 0.0409
 4286 0.041
 4287 0.0412
 4288 0.0424
 4289 0.043
 4290 0.042
 4291 0.0468
 4292 0.0486
 4293 0.0489
 4294 0.0505
 4295 0.0536
 4296 0.0564
 4297 0.0581
 4298 0.0598
 4299 0.0635
 4300 0.0635
 4301 0.0654
 4302 0.0659
 4303 0.065
 4304 0.0631
 4305 0.0618
 4306 0.0618
 4307 0.0603
 4308 0.0606
 4309 0.0596
 4310 0.0606
 4311 0.0602
 4312 0.0603
 4313 0.058
 4314 0.0565
 4315 0.0558
 4316 0.0538
 4317 0.0544
 4318 0.0543
 4319 0.0551
 4320 0.0551
 4321 0.0549
 4322 0.0572
 4323 0.0593
 4324 0.0622
 4325 0.064
 4326 0.0643
 4327 0.0652
 4328 0.067
 4329 0.0701
 4330 0.0704
 4331 0.0699
 4332 0.0701
 4333 0.0709
 4334 0.0726
 4335 0.0739
 4336 0.075
 4337 0.0744
 4338 0.0749
 4339 0.0762
 4340 0.0773
 4341 0.0794
 4342 0.0791
 4343 0.0817
 4344 0.0809
 4345 0.0834
 4346 0.0845
 4347 0.0846
 4348 0.0837
 4349 0.0856
 4350 0.0839
 4351 0.0841
 4352 0.0829
 4353 0.0823
 4354 0.0813
 4355 0.0813
 4356 0.0793
 4357 0.0775
 4358 0.0772
 4359 0.0738
 4360 0.07
 4361 0.068
 4362 0.0653
 4363 0.0634
 4364 0.0598
 4365 0.059
 4366 0.0565
 4367 0.0552
 4368 0.0552
 4369 0.0531
 4370 0.0527
 4371 0.0512
 4372 0.0526
 4373 0.0523
 4374 0.0521
 4375 0.053
 4376 0.0528
 4377 0.0518
 4378 0.051
 4379 0.049
 4380 0.0504
 4381 0.0504
 4382 0.0505
 4383 0.0498
 4384 0.05
 4385 0.0494
 4386 0.0483
 4387 0.0477
 4388 0.0475
 4389 0.0486
 4390 0.0488
 4391 0.0471
 4392 0.046
 4393 0.0469
 4394 0.0479
 4395 0.0505
 4396 0.0517
 4397 0.052
 4398 0.0523
 4399 0.0517
 4400 0.0509
 4401 0.0517
 4402 0.0503
 4403 0.0511
 4404 0.0495
 4405 0.0493
 4406 0.0473
 4407 0.0462
 4408 0.0456
 4409 0.0447
 4410 0.0451
 4411 0.0439
 4412 0.0431
 4413 0.0421
 4414 0.0411
 4415 0.0395
 4416 0.0392
 4417 0.0387
 4418 0.0377
 4419 0.0378
 4420 0.0363
 4421 0.0357
 4422 0.0366
 4423 0.035
 4424 0.035
 4425 0.0335
 4426 0.033
 4427 0.031
 4428 0.0309
 4429 0.0296
 4430 0.0296
 4431 0.0285
 4432 0.0286
 4433 0.028
 4434 0.0278
 4435 0.0264
 4436 0.0261
 4437 0.026
 4438 0.0255
 4439 0.0249
 4440 0.0257
 4441 0.0257
 4442 0.0254
 4443 0.0253
 4444 0.0275
 4445 0.0312
 4446 0.0363
 4447 0.0391
 4448 0.0427
 4449 0.0461
 4450 0.0487
 4451 0.0522
 4452 0.0556
 4453 0.0579
 4454 0.0576
 4455 0.0589
 4456 0.0601
 4457 0.0606
 4458 0.0633
 4459 0.0668
 4460 0.0693
 4461 0.0718
 4462 0.0715
 4463 0.0725
 4464 0.0731
 4465 0.076
 4466 0.077
 4467 0.0819
 4468 0.0823
 4469 0.0844
 4470 0.0866
 4471 0.0877
 4472 0.089
 4473 0.0908
 4474 0.0925
 4475 0.0963
 4476 0.0985
 4477 0.1003
 4478 0.0996
 4479 0.1017
 4480 0.104
 4481 0.1038
 4482 0.1031
 4483 0.1002
 4484 0.0992
 4485 0.1007
 4486 0.0978
 4487 0.0939
 4488 0.0917
 4489 0.0909
 4490 0.0914
 4491 0.0887
 4492 0.0841
 4493 0.0822
 4494 0.0812
 4495 0.0813
 4496 0.0822
 4497 0.0814
 4498 0.0824
 4499 0.0823
 4500 0.0816
 4501 0.08
 4502 0.0786
 4503 0.0771
 4504 0.0732
 4505 0.0733
 4506 0.0732
 4507 0.0715
 4508 0.0703
 4509 0.0681
 4510 0.0694
 4511 0.0687
 4512 0.0679
 4513 0.067
 4514 0.0659
 4515 0.0673
 4516 0.0673
 4517 0.0668
 4518 0.0662
 4519 0.0637
 4520 0.0628
 4521 0.0608
 4522 0.0583
 4523 0.0553
 4524 0.0525
 4525 0.0527
 4526 0.0521
 4527 0.0513
 4528 0.0491
 4529 0.047
 4530 0.0463
 4531 0.0464
 4532 0.0454
 4533 0.0442
 4534 0.0415
 4535 0.0401
 4536 0.0398
 4537 0.0385
 4538 0.0404
 4539 0.041
 4540 0.0398
 4541 0.04
 4542 0.0388
 4543 0.0368
 4544 0.037
 4545 0.0379
 4546 0.0383
 4547 0.0384
 4548 0.0386
 4549 0.0395
 4550 0.041
 4551 0.0431
 4552 0.0451
 4553 0.0458
 4554 0.0472
 4555 0.0472
 4556 0.0464
 4557 0.046
 4558 0.0455
 4559 0.0455
 4560 0.0448
 4561 0.0434
 4562 0.0429
 4563 0.0424
 4564 0.0408
 4565 0.0409
 4566 0.0393
 4567 0.0385
 4568 0.0386
 4569 0.0398
 4570 0.0404
 4571 0.0386
 4572 0.0402
 4573 0.0402
 4574 0.0405
 4575 0.0412
 4576 0.0401
 4577 0.0393
 4578 0.0388
 4579 0.0391
 4580 0.039
 4581 0.0373
 4582 0.0364
 4583 0.0347
 4584 0.0337
 4585 0.0324
 4586 0.0311
 4587 0.0307
 4588 0.0304
 4589 0.0308
 4590 0.0298
 4591 0.0296
 4592 0.0295
 4593 0.0292
 4594 0.0297
 4595 0.0293
 4596 0.0287
 4597 0.0277
 4598 0.0282
 4599 0.0282
 4600 0.0298
 4601 0.0324
 4602 0.0345
 4603 0.0358
 4604 0.037
 4605 0.0372
 4606 0.0393
 4607 0.0407
 4608 0.0426
 4609 0.0441
 4610 0.0471
 4611 0.0495
 4612 0.0524
 4613 0.0523
 4614 0.0536
 4615 0.0524
 4616 0.0522
 4617 0.0538
 4618 0.0554
 4619 0.0562
 4620 0.0594
 4621 0.0622
 4622 0.0623
 4623 0.064
 4624 0.0651
 4625 0.0656
 4626 0.0691
 4627 0.0693
 4628 0.0706
 4629 0.0721
 4630 0.0737
 4631 0.0754
 4632 0.0809
 4633 0.082
 4634 0.0808
 4635 0.0821
 4636 0.0857
 4637 0.0847
 4638 0.0886
 4639 0.0886
 4640 0.0915
 4641 0.0895
 4642 0.0895
 4643 0.0884
 4644 0.0895
 4645 0.0892
 4646 0.0924
 4647 0.0949
 4648 0.098
 4649 0.1013
 4650 0.1035
 4651 0.1023
 4652 0.1012
 4653 0.1
 4654 0.1013
 4655 0.1011
 4656 0.1012
 4657 0.1015
 4658 0.102
 4659 0.0987
 4660 0.095
 4661 0.0951
 4662 0.0914
 4663 0.0903
 4664 0.0884
 4665 0.0887
 4666 0.0867
 4667 0.0882
 4668 0.0878
 4669 0.0886
 4670 0.0896
 4671 0.0887
 4672 0.0866
 4673 0.0869
 4674 0.083
 4675 0.0802
 4676 0.0777
 4677 0.0772
 4678 0.0745
 4679 0.0707
 4680 0.069
 4681 0.0647
 4682 0.0616
 4683 0.0597
 4684 0.0585
 4685 0.0562
 4686 0.0539
 4687 0.0507
 4688 0.0493
 4689 0.0469
 4690 0.0446
 4691 0.0433
 4692 0.0429
 4693 0.0417
 4694 0.0396
 4695 0.0362
 4696 0.0356
 4697 0.0352
 4698 0.0344
 4699 0.035
 4700 0.036
 4701 0.0365
 4702 0.037
 4703 0.0366
 4704 0.0373
 4705 0.0371
 4706 0.0383
 4707 0.0395
 4708 0.0392
 4709 0.0398
 4710 0.0424
 4711 0.0445
 4712 0.0468
 4713 0.0469
 4714 0.0471
 4715 0.0481
 4716 0.0478
 4717 0.0476
 4718 0.0484
 4719 0.0503
 4720 0.0511
 4721 0.0519
 4722 0.0514
 4723 0.0507
 4724 0.0511
 4725 0.0514
 4726 0.0507
 4727 0.0505
 4728 0.0483
 4729 0.0463
 4730 0.0458
 4731 0.0433
 4732 0.0419
 4733 0.041
 4734 0.0395
 4735 0.0393
 4736 0.0391
 4737 0.0383
 4738 0.0385
 4739 0.0388
 4740 0.0386
 4741 0.0387
 4742 0.0399
 4743 0.0407
 4744 0.0404
 4745 0.0408
 4746 0.041
 4747 0.0416
 4748 0.0422
 4749 0.0422
 4750 0.0412
 4751 0.0406
 4752 0.04
 4753 0.0406
 4754 0.0414
 4755 0.0409
 4756 0.0421
 4757 0.0424
 4758 0.0427
 4759 0.0409
 4760 0.0401
 4761 0.042
 4762 0.0434
 4763 0.0451
 4764 0.0472
 4765 0.048
 4766 0.0485
 4767 0.0507
 4768 0.0529
 4769 0.0553
 4770 0.0563
 4771 0.0564
 4772 0.0567
 4773 0.0602
 4774 0.06
 4775 0.0611
 4776 0.0656
 4777 0.0696
 4778 0.0708
 4779 0.0713
 4780 0.072
 4781 0.0716
 4782 0.0707
 4783 0.0743
 4784 0.0795
 4785 0.0832
 4786 0.0871
 4787 0.0887
 4788 0.0896
 4789 0.0886
 4790 0.0882
 4791 0.088
 4792 0.0863
 4793 0.084
 4794 0.0832
 4795 0.0812
 4796 0.0817
 4797 0.0823
 4798 0.0795
 4799 0.0814
 4800 0.0835
 4801 0.0841
 4802 0.0861
 4803 0.0854
 4804 0.0873
 4805 0.0928
 4806 0.0973
 4807 0.0992
 4808 0.0998
 4809 0.1017
 4810 0.1031
 4811 0.1036
 4812 0.1006
 4813 0.1001
 4814 0.0979
 4815 0.0952
 4816 0.092
 4817 0.0904
 4818 0.0872
 4819 0.0834
 4820 0.0804
 4821 0.0759
 4822 0.0729
 4823 0.0722
 4824 0.0715
 4825 0.0701
 4826 0.0681
 4827 0.067
 4828 0.0654
 4829 0.0653
 4830 0.0664
 4831 0.0637
 4832 0.0651
 4833 0.0658
 4834 0.0647
 4835 0.0639
 4836 0.0641
 4837 0.0624
 4838 0.0617
 4839 0.0595
 4840 0.0586
 4841 0.0564
 4842 0.0539
 4843 0.0518
 4844 0.05
 4845 0.0488
 4846 0.0492
 4847 0.0487
 4848 0.0482
 4849 0.0484
 4850 0.0463
 4851 0.0466
 4852 0.048
 4853 0.047
 4854 0.0476
 4855 0.0469
 4856 0.0466
 4857 0.0476
 4858 0.0473
 4859 0.0467
 4860 0.0466
 4861 0.0471
 4862 0.047
 4863 0.0467
 4864 0.0463
 4865 0.0475
 4866 0.0472
 4867 0.049
 4868 0.0497
 4869 0.05
 4870 0.0505
 4871 0.0528
 4872 0.0522
 4873 0.051
 4874 0.0508
 4875 0.0499
 4876 0.049
 4877 0.0491
 4878 0.0508
 4879 0.0492
 4880 0.0487
 4881 0.0488
 4882 0.0471
 4883 0.046
 4884 0.044
 4885 0.0435
 4886 0.042
 4887 0.0395
 4888 0.0379
 4889 0.0365
 4890 0.0361
 4891 0.0347
 4892 0.0345
 4893 0.0341
 4894 0.0342
 4895 0.0366
 4896 0.0349
 4897 0.036
 4898 0.0359
 4899 0.0344
 4900 0.0335
 4901 0.0326
 4902 0.0352
 4903 0.0336
 4904 0.0322
 4905 0.0326
 4906 0.0343
 4907 0.0345
 4908 0.0355
 4909 0.0378
 4910 0.0391
 4911 0.0401
 4912 0.0397
 4913 0.0394
 4914 0.0386
 4915 0.0373
 4916 0.0368
 4917 0.037
 4918 0.0386
 4919 0.0406
 4920 0.042
 4921 0.0427
 4922 0.0405
 4923 0.0405
 4924 0.0407
 4925 0.0424
 4926 0.0449
 4927 0.0475
 4928 0.0489
 4929 0.053
 4930 0.0558
 4931 0.057
 4932 0.0572
 4933 0.0579
 4934 0.0589
 4935 0.0609
 4936 0.0607
 4937 0.0606
 4938 0.0632
 4939 0.0647
 4940 0.067
 4941 0.0699
 4942 0.0705
 4943 0.0733
 4944 0.0755
 4945 0.0801
 4946 0.0794
 4947 0.0818
 4948 0.081
 4949 0.083
 4950 0.083
 4951 0.0844
 4952 0.0844
 4953 0.0829
 4954 0.0816
 4955 0.0809
 4956 0.0799
 4957 0.079
 4958 0.0788
 4959 0.0767
 4960 0.0747
 4961 0.0725
 4962 0.0722
 4963 0.0715
 4964 0.0693
 4965 0.069
 4966 0.0681
 4967 0.0683
 4968 0.0681
 4969 0.0683
 4970 0.0646
 4971 0.0625
 4972 0.0616
 4973 0.0607
 4974 0.0608
 4975 0.0606
 4976 0.0599
 4977 0.0592
 4978 0.0603
 4979 0.0621
 4980 0.0609
 4981 0.0606
 4982 0.0591
 4983 0.0608
 4984 0.0629
 4985 0.0623
 4986 0.0607
 4987 0.0624
 4988 0.0602
 4989 0.0596
 4990 0.0596
 4991 0.0599
 4992 0.0629
 4993 0.0614
 4994 0.0622
 4995 0.0617
 4996 0.0612
 4997 0.0631
 4998 0.0635
 4999 0.0636
 5000 0.064
 5001 0.0639
 5002 0.0656
 5003 0.067
 5004 0.0693
 5005 0.068
 5006 0.0694
 5007 0.0683
 5008 0.0684
 5009 0.0678
 5010 0.0699
 5011 0.0715
 5012 0.0733
 5013 0.0753
 5014 0.0759
 5015 0.0769
 5016 0.0759
 5017 0.0759
 5018 0.0758
 5019 0.0737
 5020 0.0719
 5021 0.0715
 5022 0.0694
 5023 0.066
 5024 0.0642
 5025 0.0625
 5026 0.0607
 5027 0.0597
 5028 0.0597
 5029 0.0617
 5030 0.0614
 5031 0.0614
 5032 0.0595
 5033 0.0595
 5034 0.0606
 5035 0.06
 5036 0.0578
 5037 0.0545
 5038 0.0523
 5039 0.0517
 5040 0.0495
 5041 0.0472
 5042 0.0462
 5043 0.0456
 5044 0.0451
 5045 0.0445
 5046 0.0448
 5047 0.0442
 5048 0.0451
 5049 0.0452
 5050 0.047
 5051 0.0473
 5052 0.0462
 5053 0.046
 5054 0.0438
 5055 0.0432
 5056 0.0431
 5057 0.0415
 5058 0.0418
 5059 0.0439
 5060 0.0459
 5061 0.0471
 5062 0.0489
 5063 0.0518
 5064 0.0522
 5065 0.0548
 5066 0.0536
 5067 0.0523
 5068 0.053
 5069 0.0537
 5070 0.0553
 5071 0.0569
 5072 0.0569
 5073 0.0578
 5074 0.0592
 5075 0.0603
 5076 0.0607
 5077 0.0609
 5078 0.0597
 5079 0.0603
 5080 0.0619
 5081 0.0619
 5082 0.0625
 5083 0.0636
 5084 0.0636
 5085 0.0658
 5086 0.065
 5087 0.0642
 5088 0.0628
 5089 0.0615
 5090 0.0572
 5091 0.0542
 5092 0.055
 5093 0.0532
 5094 0.0537
 5095 0.0552
 5096 0.0555
 5097 0.0542
 5098 0.0559
 5099 0.0558
 5100 0.0572
 5101 0.0561
 5102 0.0556
 5103 0.0559
 5104 0.0544
 5105 0.0542
 5106 0.051
 5107 0.0503
 5108 0.0482
 5109 0.0465
 5110 0.0441
 5111 0.044
 5112 0.0438
 5113 0.0427
 5114 0.0404
 5115 0.0392
 5116 0.0392
 5117 0.0401
 5118 0.0399
 5119 0.041
 5120 0.0416
 5121 0.0412
 5122 0.0403
 5123 0.0398
 5124 0.039
 5125 0.0386
 5126 0.0392
 5127 0.0392
 5128 0.0386
 5129 0.0378
 5130 0.0376
 5131 0.0383
 5132 0.0397
 5133 0.0404
 5134 0.0407
 5135 0.0421
 5136 0.0423
 5137 0.0419
 5138 0.0425
 5139 0.0436
 5140 0.045
 5141 0.0484
 5142 0.0505
 5143 0.0519
 5144 0.053
 5145 0.0564
 5146 0.0568
 5147 0.0575
 5148 0.0593
 5149 0.0613
 5150 0.0651
 5151 0.0678
 5152 0.0694
 5153 0.074
 5154 0.0761
 5155 0.0769
 5156 0.0819
 5157 0.0842
 5158 0.0865
 5159 0.0899
 5160 0.0923
 5161 0.0959
 5162 0.098
 5163 0.0976
 5164 0.0976
 5165 0.0971
 5166 0.0996
 5167 0.0988
 5168 0.1009
 5169 0.1029
 5170 0.1013
 5171 0.0991
 5172 0.097
 5173 0.097
 5174 0.092
 5175 0.088
 5176 0.0859
 5177 0.0837
 5178 0.0832
 5179 0.0836
 5180 0.0808
 5181 0.0782
 5182 0.077
 5183 0.0754
 5184 0.0746
 5185 0.0745
 5186 0.0738
 5187 0.0744
 5188 0.0754
 5189 0.0747
 5190 0.0726
 5191 0.0744
 5192 0.0735
 5193 0.0738
 5194 0.0734
 5195 0.0718
 5196 0.0694
 5197 0.0691
 5198 0.0695
 5199 0.0688
 5200 0.0676
 5201 0.0675
 5202 0.0671
 5203 0.0681
 5204 0.0683
 5205 0.0703
 5206 0.0699
 5207 0.0679
 5208 0.0671
 5209 0.0673
 5210 0.0673
 5211 0.0674
 5212 0.0642
 5213 0.0628
 5214 0.0589
 5215 0.0582
 5216 0.0565
 5217 0.055
 5218 0.0566
 5219 0.0569
 5220 0.0545
 5221 0.0548
 5222 0.0538
 5223 0.0546
 5224 0.0536
 5225 0.0512
 5226 0.0516
 5227 0.0498
 5228 0.0486
 5229 0.0456
 5230 0.0447
 5231 0.0429
 5232 0.0412
 5233 0.0399
 5234 0.0381
 5235 0.0382
 5236 0.0376
 5237 0.0382
 5238 0.0377
 5239 0.0376
 5240 0.0358
 5241 0.0355
 5242 0.0341
 5243 0.0336
 5244 0.0336
 5245 0.0326
 5246 0.031
 5247 0.0312
 5248 0.0314
 5249 0.0297
 5250 0.0287
 5251 0.0285
 5252 0.0276
 5253 0.0282
 5254 0.0278
 5255 0.0265
 5256 0.027
 5257 0.0272
 5258 0.0269
 5259 0.0249
 5260 0.0248
 5261 0.0247
 5262 0.0235
 5263 0.0232
 5264 0.0233
 5265 0.0227
 5266 0.0232
 5267 0.0227
 5268 0.0224
 5269 0.0234
 5270 0.0229
 5271 0.0235
 5272 0.025
 5273 0.0252
 5274 0.0254
 5275 0.026
 5276 0.0281
 5277 0.0307
 5278 0.0322
 5279 0.0346
 5280 0.0343
 5281 0.0347
 5282 0.0343
 5283 0.0362
 5284 0.0366
 5285 0.0383
 5286 0.0401
 5287 0.0421
 5288 0.0428
 5289 0.0437
 5290 0.0441
 5291 0.0455
 5292 0.0456
 5293 0.0462
 5294 0.0455
 5295 0.0469
 5296 0.0449
 5297 0.0459
 5298 0.044
 5299 0.0442
 5300 0.0425
 5301 0.0437
 5302 0.0454
 5303 0.0456
 5304 0.0471
 5305 0.0481
 5306 0.0488
 5307 0.0495
 5308 0.0508
 5309 0.0518
 5310 0.0516
 5311 0.0521
 5312 0.0538
 5313 0.0548
 5314 0.056
 5315 0.058
 5316 0.0595
 5317 0.0614
 5318 0.0617
 5319 0.0646
 5320 0.0664
 5321 0.0687
 5322 0.069
 5323 0.0703
 5324 0.0692
 5325 0.0701
 5326 0.0701
 5327 0.0683
 5328 0.0692
 5329 0.0675
 5330 0.066
 5331 0.0687
 5332 0.0676
 5333 0.0691
 5334 0.0695
 5335 0.0723
 5336 0.0737
 5337 0.0742
 5338 0.0739
 5339 0.0756
 5340 0.0762
 5341 0.0745
 5342 0.0733
 5343 0.0729
 5344 0.074
 5345 0.0754
 5346 0.0757
 5347 0.0791
 5348 0.0845
 5349 0.0882
 5350 0.0914
 5351 0.0939
 5352 0.0987
 5353 0.1002
 5354 0.1045
 5355 0.1066
 5356 0.1091
 5357 0.108
 5358 0.1105
 5359 0.1103
 5360 0.1115
 5361 0.1158
 5362 0.1185
 5363 0.1202
 5364 0.1203
 5365 0.1208
 5366 0.1192
 5367 0.1189
 5368 0.1193
 5369 0.1171
 5370 0.1162
 5371 0.1109
 5372 0.1057
 5373 0.1012
 5374 0.097
 5375 0.0917
 5376 0.089
 5377 0.0836
 5378 0.0797
 5379 0.0748
 5380 0.0704
 5381 0.0672
 5382 0.0644
 5383 0.0614
 5384 0.059
 5385 0.0567
 5386 0.0554
 5387 0.0529
 5388 0.0515
 5389 0.0502
 5390 0.0491
 5391 0.0454
 5392 0.0425
 5393 0.0409
 5394 0.0389
 5395 0.0367
 5396 0.0351
 5397 0.0338
 5398 0.0322
 5399 0.0308
 5400 0.0293
 5401 0.0278
 5402 0.0257
 5403 0.0241
 5404 0.0234
 5405 0.0222
 5406 0.0215
 5407 0.0205
 5408 0.019
 5409 0.0186
 5410 0.0176
 5411 0.0173
 5412 0.0178
 5413 0.0168
 5414 0.0172
 5415 0.0177
 5416 0.0183
 5417 0.0182
 5418 0.0171
 5419 0.0154
 5420 0.0159
 5421 0.016
 5422 0.015
 5423 0.0143
 5424 0.0137
 5425 0.0126
 5426 0.0127
 5427 0.0128
 5428 0.0134
 5429 0.0139
 5430 0.0138
 5431 0.0144
 5432 0.0153
 5433 0.0153
 5434 0.0141
 5435 0.014
 5436 0.0138
 5437 0.0139
 5438 0.0134
 5439 0.0125
 5440 0.0115
 5441 0.0123
 5442 0.0114
 5443 0.0116
 5444 0.0119
 5445 0.0116
 5446 0.0119
 5447 0.012
 5448 0.0119
 5449 0.0119
 5450 0.0117
 5451 0.0123
 5452 0.0135
 5453 0.014
 5454 0.0144
 5455 0.016
 5456 0.0184
 5457 0.0182
 5458 0.0188
 5459 0.0215
 5460 0.0219
 5461 0.0212
 5462 0.0213
 5463 0.0207
 5464 0.0206
 5465 0.0192
 5466 0.0193
 5467 0.0193
 5468 0.0205
 5469 0.0213
 5470 0.0225
 5471 0.0243
 5472 0.0256
 5473 0.0284
 5474 0.029
 5475 0.031
 5476 0.0316
 5477 0.0329
 5478 0.0326
 5479 0.0343
 5480 0.0363
 5481 0.0374
 5482 0.0406
 5483 0.0434
 5484 0.0451
 5485 0.0464
 5486 0.0471
 5487 0.0477
 5488 0.0492
 5489 0.0487
 5490 0.0495
 5491 0.0534
 5492 0.0585
 5493 0.0622
 5494 0.0659
 5495 0.0669
 5496 0.073
 5497 0.0759
 5498 0.0816
 5499 0.0861
 5500 0.0922
 5501 0.0951
 5502 0.0991
 5503 0.1031
 5504 0.1069
 5505 0.1123
 5506 0.1159
 5507 0.1221
 5508 0.1245
 5509 0.1322
 5510 0.1381
 5511 0.1431
 5512 0.1461
 5513 0.1485
 5514 0.1527
 5515 0.1556
 5516 0.1585
 5517 0.157
 5518 0.1591
 5519 0.1586
 5520 0.1573
 5521 0.1533
 5522 0.1505
 5523 0.1492
 5524 0.1493
 5525 0.1481
 5526 0.1471
 5527 0.1463
 5528 0.1456
 5529 0.1441
 5530 0.1421
 5531 0.1409
 5532 0.137
 5533 0.1314
 5534 0.1266
 5535 0.121
 5536 0.117
 5537 0.1135
 5538 0.1089
 5539 0.1031
 5540 0.0978
 5541 0.0931
 5542 0.0869
 5543 0.0802
 5544 0.0755
 5545 0.0715
 5546 0.0685
 5547 0.0663
 5548 0.0631
 5549 0.0607
 5550 0.0574
 5551 0.0551
 5552 0.0513
 5553 0.0496
 5554 0.046
 5555 0.0435
 5556 0.0406
 5557 0.041
 5558 0.0393
 5559 0.0379
 5560 0.036
 5561 0.0352
 5562 0.0344
 5563 0.0346
 5564 0.0338
 5565 0.0319
 5566 0.0303
 5567 0.0303
 5568 0.0304
 5569 0.0293
 5570 0.029
 5571 0.0281
 5572 0.0272
 5573 0.0273
 5574 0.0262
 5575 0.0245
 5576 0.024
 5577 0.0234
 5578 0.0227
 5579 0.0221
 5580 0.0214
 5581 0.0212
 5582 0.0199
 5583 0.021
 5584 0.021
 5585 0.0206
 5586 0.021
 5587 0.0214
 5588 0.0218
 5589 0.0222
 5590 0.0208
 5591 0.0202
 5592 0.0194
 5593 0.0183
 5594 0.018
 5595 0.0175
 5596 0.0176
 5597 0.0175
 5598 0.0179
 5599 0.0174
 5600 0.0176
 5601 0.0201
 5602 0.0205
 5603 0.0204
 5604 0.0214
 5605 0.0213
 5606 0.0223
 5607 0.0225
 5608 0.0227
 5609 0.0223
 5610 0.0221
 5611 0.0218
 5612 0.0218
 5613 0.022
 5614 0.0222
 5615 0.0206
 5616 0.0203
 5617 0.0191
 5618 0.0197
 5619 0.0194
 5620 0.0211
 5621 0.0224
 5622 0.0231
 5623 0.0256
 5624 0.0272
 5625 0.0295
 5626 0.032
 5627 0.0344
 5628 0.0356
 5629 0.0379
 5630 0.0392
 5631 0.0411
 5632 0.0439
 5633 0.046
 5634 0.0457
 5635 0.0459
 5636 0.0473
 5637 0.0496
 5638 0.0511
 5639 0.0497
 5640 0.0503
 5641 0.0499
 5642 0.0508
 5643 0.0525
 5644 0.0528
 5645 0.0523
 5646 0.0542
 5647 0.058
 5648 0.0623
 5649 0.0646
 5650 0.068
 5651 0.0674
 5652 0.0687
 5653 0.0706
 5654 0.0733
 5655 0.0721
 5656 0.0722
 5657 0.0697
 5658 0.0679
 5659 0.0648
 5660 0.0646
 5661 0.0644
 5662 0.0633
 5663 0.0614
 5664 0.0606
 5665 0.0606
 5666 0.0639
 5667 0.0658
 5668 0.0663
 5669 0.0693
 5670 0.072
 5671 0.0741
 5672 0.0741
 5673 0.0754
 5674 0.0785
 5675 0.0792
 5676 0.0816
 5677 0.0852
 5678 0.0845
 5679 0.0865
 5680 0.0868
 5681 0.0881
 5682 0.0939
 5683 0.0988
 5684 0.1027
 5685 0.106
 5686 0.1056
 5687 0.1106
 5688 0.114
 5689 0.1169
 5690 0.1184
 5691 0.1258
 5692 0.1294
 5693 0.1349
 5694 0.133
 5695 0.1361
 5696 0.1374
 5697 0.1385
 5698 0.1372
 5699 0.1356
 5700 0.1329
 5701 0.1313
 5702 0.1243
 5703 0.1212
 5704 0.1177
 5705 0.1153
 5706 0.1149
 5707 0.1134
 5708 0.11
 5709 0.1052
 5710 0.1006
 5711 0.0985
 5712 0.0943
 5713 0.0916
 5714 0.0881
 5715 0.086
 5716 0.0826
 5717 0.0795
 5718 0.0784
 5719 0.0743
 5720 0.0713
 5721 0.0684
 5722 0.0638
 5723 0.0578
 5724 0.0541
 5725 0.0527
 5726 0.0493
 5727 0.0467
 5728 0.0445
 5729 0.0423
 5730 0.0417
 5731 0.0394
 5732 0.0368
 5733 0.0343
 5734 0.0331
 5735 0.0324
 5736 0.0306
 5737 0.0284
 5738 0.0271
 5739 0.0263
 5740 0.0262
 5741 0.0243
 5742 0.0239
 5743 0.023
 5744 0.0229
 5745 0.0219
 5746 0.0217
 5747 0.0219
 5748 0.0218
 5749 0.0205
 5750 0.0206
 5751 0.0196
 5752 0.0206
 5753 0.0203
 5754 0.0196
 5755 0.0192
 5756 0.02
 5757 0.0197
 5758 0.02
 5759 0.0194
 5760 0.0194
 5761 0.0191
 5762 0.0192
 5763 0.0183
 5764 0.0179
 5765 0.0186
 5766 0.0186
 5767 0.0172
 5768 0.0173
 5769 0.0169
 5770 0.0167
 5771 0.0161
 5772 0.0158
 5773 0.015
 5774 0.0141
 5775 0.0131
 5776 0.013
 5777 0.0128
 5778 0.0124
 5779 0.0117
 5780 0.0117
 5781 0.012
 5782 0.0139
 5783 0.0136
 5784 0.0148
 5785 0.0141
 5786 0.0142
 5787 0.0147
 5788 0.0151
 5789 0.0145
 5790 0.0139
 5791 0.0153
 5792 0.0147
 5793 0.0146
 5794 0.0148
 5795 0.0153
 5796 0.0173
 5797 0.0183
 5798 0.0205
 5799 0.0217
 5800 0.0233
 5801 0.0264
 5802 0.0289
 5803 0.032
 5804 0.0338
 5805 0.0347
 5806 0.0366
 5807 0.0381
 5808 0.0401
 5809 0.0411
 5810 0.0413
 5811 0.0421
 5812 0.0413
 5813 0.0413
 5814 0.0425
 5815 0.0445
 5816 0.0451
 5817 0.0449
 5818 0.0456
 5819 0.0448
 5820 0.0482
 5821 0.0512
 5822 0.0549
 5823 0.0581
 5824 0.0606
 5825 0.0643
 5826 0.0658
 5827 0.0677
 5828 0.0686
 5829 0.0714
 5830 0.0748
 5831 0.0747
 5832 0.0774
 5833 0.0815
 5834 0.0856
 5835 0.0897
 5836 0.093
 5837 0.098
 5838 0.1059
 5839 0.1121
 5840 0.12
 5841 0.1235
 5842 0.1284
 5843 0.1354
 5844 0.1375
 5845 0.1395
 5846 0.1448
 5847 0.146
 5848 0.1529
 5849 0.1567
 5850 0.1582
 5851 0.1641
 5852 0.1622
 5853 0.164
 5854 0.1632
 5855 0.161
 5856 0.1556
 5857 0.1531
 5858 0.1507
 5859 0.1484
 5860 0.1478
 5861 0.1421
 5862 0.1397
 5863 0.1378
 5864 0.1336
 5865 0.1297
 5866 0.123
 5867 0.1164
 5868 0.1112
 5869 0.1054
 5870 0.1011
 5871 0.0954
 5872 0.0899
 5873 0.0825
 5874 0.0767
 5875 0.0722
 5876 0.0671
 5877 0.0614
 5878 0.0588
 5879 0.0555
 5880 0.0532
 5881 0.0505
 5882 0.0482
 5883 0.046
 5884 0.0436
 5885 0.0415
 5886 0.0382
 5887 0.0362
 5888 0.0344
 5889 0.0322
 5890 0.0317
 5891 0.0294
 5892 0.028
 5893 0.0269
 5894 0.026
 5895 0.0254
 5896 0.0241
 5897 0.0226
 5898 0.0206
 5899 0.0198
 5900 0.02
 5901 0.0185
 5902 0.017
 5903 0.0152
 5904 0.0144
 5905 0.0137
 5906 0.0136
 5907 0.0134
 5908 0.0133
 5909 0.0135
 5910 0.0139
 5911 0.014
 5912 0.0146
 5913 0.0152
 5914 0.0148
 5915 0.0149
 5916 0.0158
 5917 0.0159
 5918 0.0165
 5919 0.0156
 5920 0.017
 5921 0.0169
 5922 0.0178
 5923 0.0187
 5924 0.0182
 5925 0.0191
 5926 0.0191
 5927 0.0199
 5928 0.0214
 5929 0.0223
 5930 0.0219
 5931 0.0225
 5932 0.0237
 5933 0.0235
 5934 0.0229
 5935 0.0234
 5936 0.0223
 5937 0.0222
 5938 0.0225
 5939 0.0229
 5940 0.0248
 5941 0.0267
 5942 0.0282
 5943 0.0286
 5944 0.0289
 5945 0.0297
 5946 0.0294
 5947 0.0299
 5948 0.0314
 5949 0.0325
 5950 0.0343
 5951 0.0357
 5952 0.0355
 5953 0.0378
 5954 0.0384
 5955 0.0377
 5956 0.0384
 5957 0.0384
 5958 0.0409
 5959 0.0424
 5960 0.0452
 5961 0.0488
 5962 0.0488
 5963 0.0517
 5964 0.0531
 5965 0.057
 5966 0.0603
 5967 0.0633
 5968 0.0678
 5969 0.0701
 5970 0.074
 5971 0.0761
 5972 0.0774
 5973 0.0787
 5974 0.0802
 5975 0.0805
 5976 0.0842
 5977 0.0867
 5978 0.0882
 5979 0.0882
 5980 0.0916
 5981 0.0921
 5982 0.0931
 5983 0.0957
 5984 0.0967
 5985 0.0975
 5986 0.1008
 5987 0.1036
 5988 0.1048
 5989 0.1065
 5990 0.1087
 5991 0.1095
 5992 0.1131
 5993 0.1188
 5994 0.1194
 5995 0.1179
 5996 0.1207
 5997 0.1233
 5998 0.1257
 5999 0.1255
 6000 0.1273
