 0 0.3205
 1 0.2516
 2 0.237
 3 0.2351
 4 0.2388
 5 0.237
 6 0.236
 7 0.2477
 8 0.2532
 9 0.2611
 10 0.258
 11 0.2557
 12 0.2597
 13 0.2557
 14 0.2573
 15 0.261
 16 0.2683
 17 0.2611
 18 0.2616
 19 0.2529
 20 0.2503
 21 0.2502
 22 0.2508
 23 0.2487
 24 0.2442
 25 0.2446
 26 0.2377
 27 0.2429
 28 0.2483
 29 0.2516
 30 0.2526
 31 0.2509
 32 0.2572
 33 0.2553
 34 0.2538
 35 0.2427
 36 0.2527
 37 0.2575
 38 0.2547
 39 0.2472
 40 0.259
 41 0.2691
 42 0.2666
 43 0.2541
 44 0.2637
 45 0.2612
 46 0.2567
 47 0.2509
 48 0.2472
 49 0.2492
 50 0.2436
 51 0.2549
 52 0.2581
 53 0.2451
 54 0.2444
 55 0.2529
 56 0.2523
 57 0.2596
 58 0.2604
 59 0.2607
 60 0.2529
 61 0.2572
 62 0.2584
 63 0.2562
 64 0.2615
 65 0.2649
 66 0.2627
 67 0.2598
 68 0.263
 69 0.2678
 70 0.2661
 71 0.2657
 72 0.2636
 73 0.2634
 74 0.2573
 75 0.2608
 76 0.2589
 77 0.2491
 78 0.2512
 79 0.2457
 80 0.2454
 81 0.2493
 82 0.2532
 83 0.2528
 84 0.2523
 85 0.2441
 86 0.2517
 87 0.2568
 88 0.256
 89 0.2628
 90 0.2538
 91 0.2612
 92 0.2512
 93 0.2553
 94 0.2663
 95 0.2661
 96 0.2644
 97 0.2658
 98 0.2531
 99 0.2579
 100 0.251
 101 0.2397
 102 0.2408
 103 0.2476
 104 0.254
 105 0.2542
 106 0.2544
 107 0.2526
 108 0.2539
 109 0.2505
 110 0.2504
 111 0.2432
 112 0.2349
 113 0.2485
 114 0.2502
 115 0.258
 116 0.272
 117 0.2667
 118 0.2572
 119 0.2554
 120 0.251
 121 0.2473
 122 0.2383
 123 0.2455
 124 0.2442
 125 0.2445
 126 0.2521
 127 0.2597
 128 0.2552
 129 0.2641
 130 0.2599
 131 0.2479
 132 0.2546
 133 0.2528
 134 0.2484
 135 0.2535
 136 0.2539
 137 0.2553
 138 0.255
 139 0.2555
 140 0.2483
 141 0.2503
 142 0.2497
 143 0.2557
 144 0.2469
 145 0.2492
 146 0.2372
 147 0.2413
 148 0.2506
 149 0.2506
 150 0.2507
 151 0.2498
 152 0.253
 153 0.2553
 154 0.2519
 155 0.2503
 156 0.2516
 157 0.2498
 158 0.2481
 159 0.2529
 160 0.2527
 161 0.251
 162 0.2639
 163 0.2572
 164 0.2569
 165 0.2665
 166 0.2726
 167 0.262
 168 0.2624
 169 0.256
 170 0.2525
 171 0.2603
 172 0.2593
 173 0.2615
 174 0.2631
 175 0.2668
 176 0.2574
 177 0.2543
 178 0.2614
 179 0.2521
 180 0.2548
 181 0.2564
 182 0.2555
 183 0.25
 184 0.2489
 185 0.2479
 186 0.2591
 187 0.2535
 188 0.2529
 189 0.2497
 190 0.2477
 191 0.2495
 192 0.2431
 193 0.2619
 194 0.2621
 195 0.2654
 196 0.2559
 197 0.2504
 198 0.2599
 199 0.2587
 200 0.255
 201 0.2684
 202 0.2681
 203 0.2608
 204 0.2481
 205 0.2457
 206 0.2454
 207 0.2492
 208 0.2525
 209 0.2554
 210 0.2591
 211 0.2488
 212 0.2472
 213 0.2559
 214 0.2634
 215 0.2567
 216 0.2496
 217 0.2564
 218 0.2579
 219 0.2547
 220 0.2479
 221 0.2496
 222 0.2587
 223 0.2581
 224 0.256
 225 0.2581
 226 0.2621
 227 0.2574
 228 0.2509
 229 0.2481
 230 0.2508
 231 0.2496
 232 0.2499
 233 0.2507
 234 0.2636
 235 0.2609
 236 0.2599
 237 0.26
 238 0.2532
 239 0.2617
 240 0.2649
 241 0.2605
 242 0.2592
 243 0.2647
 244 0.2627
 245 0.2589
 246 0.2629
 247 0.2467
 248 0.2609
 249 0.2592
 250 0.2584
 251 0.2577
 252 0.2564
 253 0.2604
 254 0.2652
 255 0.2626
 256 0.2663
 257 0.2702
 258 0.2668
 259 0.2739
 260 0.2699
 261 0.2676
 262 0.2729
 263 0.2681
 264 0.2702
 265 0.2664
 266 0.2636
 267 0.2558
 268 0.2496
 269 0.2429
 270 0.2473
 271 0.258
 272 0.2507
 273 0.2476
 274 0.2436
 275 0.2467
 276 0.2565
 277 0.2604
 278 0.2632
 279 0.2515
 280 0.2562
 281 0.253
 282 0.245
 283 0.2422
 284 0.2451
 285 0.2497
 286 0.2503
 287 0.2532
 288 0.2476
 289 0.2584
 290 0.2668
 291 0.2628
 292 0.2519
 293 0.2488
 294 0.255
 295 0.2536
 296 0.2554
 297 0.2571
 298 0.2657
 299 0.2661
 300 0.2577
 301 0.259
 302 0.2568
 303 0.2596
 304 0.2594
 305 0.2605
 306 0.253
 307 0.2479
 308 0.2495
 309 0.2496
 310 0.25
 311 0.2526
 312 0.2487
 313 0.2473
 314 0.2547
 315 0.2565
 316 0.2634
 317 0.2637
 318 0.269
 319 0.2692
 320 0.2494
 321 0.2513
 322 0.252
 323 0.2365
 324 0.2363
 325 0.2372
 326 0.2342
 327 0.2403
 328 0.2503
 329 0.2568
 330 0.2576
 331 0.2657
 332 0.2543
 333 0.2539
 334 0.2604
 335 0.2554
 336 0.2567
 337 0.2637
 338 0.2561
 339 0.2477
 340 0.2581
 341 0.255
 342 0.248
 343 0.2477
 344 0.2495
 345 0.2547
 346 0.2527
 347 0.2497
 348 0.2549
 349 0.2562
 350 0.2546
 351 0.2558
 352 0.2696
 353 0.2653
 354 0.2539
 355 0.2521
 356 0.2582
 357 0.2588
 358 0.2563
 359 0.2444
 360 0.2391
 361 0.2488
 362 0.2561
 363 0.2676
 364 0.2653
 365 0.2657
 366 0.2564
 367 0.2551
 368 0.2555
 369 0.257
 370 0.259
 371 0.2536
 372 0.2497
 373 0.2533
 374 0.2501
 375 0.2433
 376 0.2447
 377 0.2483
 378 0.252
 379 0.2501
 380 0.2432
 381 0.242
 382 0.2472
 383 0.2568
 384 0.2536
 385 0.2563
 386 0.255
 387 0.25
 388 0.2458
 389 0.2507
 390 0.2624
 391 0.2596
 392 0.249
 393 0.2499
 394 0.2603
 395 0.2636
 396 0.2589
 397 0.2543
 398 0.2548
 399 0.2522
 400 0.2615
 401 0.2635
 402 0.2652
 403 0.2519
 404 0.2474
 405 0.2509
 406 0.2585
 407 0.2542
 408 0.2562
 409 0.2567
 410 0.2561
 411 0.2503
 412 0.2411
 413 0.25
 414 0.2586
 415 0.2456
 416 0.2477
 417 0.2458
 418 0.2486
 419 0.2467
 420 0.2436
 421 0.2503
 422 0.2568
 423 0.2568
 424 0.26
 425 0.2606
 426 0.2555
 427 0.2445
 428 0.2487
 429 0.2602
 430 0.264
 431 0.2607
 432 0.2578
 433 0.2596
 434 0.2627
 435 0.264
 436 0.2604
 437 0.2511
 438 0.2479
 439 0.2536
 440 0.2552
 441 0.2491
 442 0.2431
 443 0.2411
 444 0.2489
 445 0.2494
 446 0.2554
 447 0.2586
 448 0.258
 449 0.2522
 450 0.2634
 451 0.2627
 452 0.2595
 453 0.2628
 454 0.2623
 455 0.2545
 456 0.2601
 457 0.257
 458 0.2514
 459 0.2502
 460 0.2572
 461 0.2532
 462 0.2541
 463 0.252
 464 0.245
 465 0.2551
 466 0.2579
 467 0.2587
 468 0.2668
 469 0.2563
 470 0.2625
 471 0.2486
 472 0.244
 473 0.2496
 474 0.2484
 475 0.2457
 476 0.2522
 477 0.2483
 478 0.2494
 479 0.2541
 480 0.2553
 481 0.2617
 482 0.2576
 483 0.2609
 484 0.2588
 485 0.2464
 486 0.2519
 487 0.2506
 488 0.2508
 489 0.2478
 490 0.2567
 491 0.2649
 492 0.2557
 493 0.2465
 494 0.2455
 495 0.2549
 496 0.2516
 497 0.2546
 498 0.2476
 499 0.245
 500 0.2553
 501 0.2608
 502 0.2575
 503 0.2601
 504 0.2606
 505 0.2602
 506 0.2594
 507 0.2559
 508 0.2595
 509 0.2581
 510 0.2607
 511 0.246
 512 0.262
 513 0.2521
 514 0.2605
 515 0.2541
 516 0.2467
 517 0.2418
 518 0.243
 519 0.2503
 520 0.2523
 521 0.2536
 522 0.2549
 523 0.2628
 524 0.2573
 525 0.2499
 526 0.2563
 527 0.2538
 528 0.2549
 529 0.2545
 530 0.2615
 531 0.257
 532 0.2592
 533 0.2624
 534 0.2478
 535 0.2395
 536 0.2438
 537 0.2488
 538 0.2506
 539 0.2478
 540 0.2552
 541 0.2553
 542 0.2551
 543 0.2463
 544 0.2557
 545 0.2531
 546 0.2577
 547 0.2678
 548 0.2638
 549 0.2593
 550 0.2579
 551 0.2574
 552 0.2579
 553 0.263
 554 0.2669
 555 0.263
 556 0.253
 557 0.2496
 558 0.2477
 559 0.2537
 560 0.2534
 561 0.2533
 562 0.2638
 563 0.2597
 564 0.2581
 565 0.2563
 566 0.2548
 567 0.2593
 568 0.2556
 569 0.2508
 570 0.2583
 571 0.2538
 572 0.2534
 573 0.2565
 574 0.2559
 575 0.267
 576 0.2699
 577 0.2577
 578 0.2584
 579 0.2588
 580 0.264
 581 0.2682
 582 0.264
 583 0.2697
 584 0.2682
 585 0.2782
 586 0.2636
 587 0.2563
 588 0.2495
 589 0.251
 590 0.2497
 591 0.2517
 592 0.2549
 593 0.2585
 594 0.2574
 595 0.2506
 596 0.246
 597 0.2506
 598 0.2507
 599 0.2571
 600 0.2642
 601 0.2572
 602 0.2481
 603 0.2463
 604 0.2518
 605 0.2546
 606 0.2522
 607 0.253
 608 0.2448
 609 0.2427
 610 0.2566
 611 0.2552
 612 0.2552
 613 0.2516
 614 0.2507
 615 0.2538
 616 0.2522
 617 0.2519
 618 0.2508
 619 0.2597
 620 0.2597
 621 0.2535
 622 0.252
 623 0.2473
 624 0.246
 625 0.2423
 626 0.2505
 627 0.2437
 628 0.2414
 629 0.2452
 630 0.2442
 631 0.2496
 632 0.2475
 633 0.2518
 634 0.2566
 635 0.2615
 636 0.2618
 637 0.2514
 638 0.2487
 639 0.2538
 640 0.256
 641 0.2511
 642 0.2489
 643 0.2536
 644 0.2571
 645 0.2583
 646 0.2569
 647 0.2562
 648 0.2504
 649 0.2554
 650 0.2654
 651 0.2635
 652 0.266
 653 0.2603
 654 0.2595
 655 0.2556
 656 0.2598
 657 0.2591
 658 0.2688
 659 0.2632
 660 0.2482
 661 0.2496
 662 0.2554
 663 0.2617
 664 0.2595
 665 0.2565
 666 0.2566
 667 0.257
 668 0.2553
 669 0.2518
 670 0.2496
 671 0.2472
 672 0.2482
 673 0.2534
 674 0.2615
 675 0.2659
 676 0.2669
 677 0.2616
 678 0.2568
 679 0.2508
 680 0.2556
 681 0.2554
 682 0.2686
 683 0.2685
 684 0.2599
 685 0.2605
 686 0.2521
 687 0.251
 688 0.2559
 689 0.2564
 690 0.2531
 691 0.2576
 692 0.2621
 693 0.2516
 694 0.2474
 695 0.2555
 696 0.2561
 697 0.257
 698 0.256
 699 0.2518
 700 0.2545
 701 0.2578
 702 0.2598
 703 0.2639
 704 0.2493
 705 0.2463
 706 0.2456
 707 0.2528
 708 0.2651
 709 0.2573
 710 0.2592
 711 0.2567
 712 0.2597
 713 0.2636
 714 0.2659
 715 0.2611
 716 0.2683
 717 0.2619
 718 0.2606
 719 0.2531
 720 0.2548
 721 0.2558
 722 0.2541
 723 0.2554
 724 0.2494
 725 0.2569
 726 0.2622
 727 0.2558
 728 0.2599
 729 0.2557
 730 0.2562
 731 0.254
 732 0.2646
 733 0.2553
 734 0.256
 735 0.255
 736 0.2588
 737 0.2537
 738 0.2579
 739 0.2436
 740 0.2535
 741 0.2638
 742 0.2654
 743 0.2601
 744 0.2631
 745 0.2618
 746 0.2541
 747 0.2565
 748 0.2579
 749 0.2511
 750 0.2575
 751 0.2504
 752 0.2521
 753 0.2422
 754 0.2379
 755 0.2457
 756 0.2474
 757 0.2577
 758 0.2624
 759 0.2626
 760 0.2704
 761 0.2529
 762 0.2455
 763 0.2541
 764 0.262
 765 0.2569
 766 0.2625
 767 0.2631
 768 0.258
 769 0.254
 770 0.2581
 771 0.254
 772 0.2559
 773 0.2583
 774 0.2602
 775 0.2598
 776 0.2635
 777 0.2661
 778 0.2586
 779 0.2586
 780 0.2599
 781 0.2721
 782 0.2598
 783 0.2527
 784 0.2596
 785 0.2584
 786 0.2578
 787 0.253
 788 0.2548
 789 0.2544
 790 0.2562
 791 0.2506
 792 0.2532
 793 0.2607
 794 0.2496
 795 0.2634
 796 0.264
 797 0.2563
 798 0.255
 799 0.2558
 800 0.2626
 801 0.2592
 802 0.2531
 803 0.2557
 804 0.267
 805 0.2686
 806 0.2672
 807 0.2581
 808 0.2546
 809 0.2552
 810 0.2583
 811 0.2535
 812 0.2467
 813 0.2493
 814 0.2446
 815 0.253
 816 0.2529
 817 0.2514
 818 0.2512
 819 0.2587
 820 0.2569
 821 0.2634
 822 0.2642
 823 0.2521
 824 0.2597
 825 0.2657
 826 0.2513
 827 0.2568
 828 0.2575
 829 0.2539
 830 0.2512
 831 0.2539
 832 0.256
 833 0.2678
 834 0.2689
 835 0.2621
 836 0.2659
 837 0.2608
 838 0.2546
 839 0.2557
 840 0.2521
 841 0.2498
 842 0.257
 843 0.2543
 844 0.259
 845 0.2666
 846 0.2636
 847 0.2735
 848 0.268
 849 0.265
 850 0.25
 851 0.257
 852 0.2572
 853 0.2605
 854 0.265
 855 0.2567
 856 0.2532
 857 0.2524
 858 0.2478
 859 0.258
 860 0.2528
 861 0.2592
 862 0.2619
 863 0.2543
 864 0.2495
 865 0.2482
 866 0.2532
 867 0.2585
 868 0.2627
 869 0.2609
 870 0.2627
 871 0.2649
 872 0.2612
 873 0.2522
 874 0.2551
 875 0.2498
 876 0.2541
 877 0.2571
 878 0.2637
 879 0.2608
 880 0.258
 881 0.2559
 882 0.261
 883 0.2615
 884 0.2598
 885 0.2557
 886 0.2585
 887 0.2622
 888 0.2624
 889 0.2577
 890 0.2622
 891 0.256
 892 0.2549
 893 0.2494
 894 0.2506
 895 0.2591
 896 0.2638
 897 0.2609
 898 0.25
 899 0.2547
 900 0.2524
 901 0.2528
 902 0.2594
 903 0.263
 904 0.2618
 905 0.2553
 906 0.2517
 907 0.258
 908 0.2585
 909 0.2608
 910 0.2584
 911 0.25
 912 0.2586
 913 0.2646
 914 0.2571
 915 0.2581
 916 0.2588
 917 0.2652
 918 0.2673
 919 0.2594
 920 0.2556
 921 0.2476
 922 0.2496
 923 0.2526
 924 0.2562
 925 0.247
 926 0.252
 927 0.2571
 928 0.2488
 929 0.2481
 930 0.2476
 931 0.2477
 932 0.2477
 933 0.2586
 934 0.2625
 935 0.2565
 936 0.2596
 937 0.2508
 938 0.2514
 939 0.2516
 940 0.2577
 941 0.2606
 942 0.2608
 943 0.261
 944 0.2515
 945 0.2635
 946 0.2594
 947 0.2604
 948 0.2601
 949 0.2564
 950 0.2559
 951 0.2575
 952 0.2523
 953 0.2514
 954 0.2569
 955 0.2568
 956 0.2555
 957 0.2592
 958 0.25
 959 0.2437
 960 0.2493
 961 0.2497
 962 0.2561
 963 0.25
 964 0.2476
 965 0.2428
 966 0.2465
 967 0.2487
 968 0.2463
 969 0.2474
 970 0.254
 971 0.2554
 972 0.2515
 973 0.2507
 974 0.2476
 975 0.2434
 976 0.2526
 977 0.2644
 978 0.2644
 979 0.2572
 980 0.249
 981 0.2543
 982 0.2535
 983 0.253
 984 0.259
 985 0.2623
 986 0.264
 987 0.2587
 988 0.2516
 989 0.2504
 990 0.2502
 991 0.2498
 992 0.2509
 993 0.2489
 994 0.2519
 995 0.2524
 996 0.2486
 997 0.2489
 998 0.2534
 999 0.2565
 1000 0.2566
 1001 0.2634
 1002 0.2618
 1003 0.2596
 1004 0.2575
 1005 0.2598
 1006 0.2511
 1007 0.2534
 1008 0.2517
 1009 0.2516
 1010 0.2553
 1011 0.2558
 1012 0.2548
 1013 0.2551
 1014 0.2607
 1015 0.2537
 1016 0.2468
 1017 0.2489
 1018 0.2438
 1019 0.2493
 1020 0.2557
 1021 0.2506
 1022 0.2605
 1023 0.2607
 1024 0.2683
 1025 0.2554
 1026 0.2599
 1027 0.2582
 1028 0.2514
 1029 0.2511
 1030 0.25
 1031 0.2534
 1032 0.2613
 1033 0.2578
 1034 0.256
 1035 0.2635
 1036 0.2563
 1037 0.2559
 1038 0.2576
 1039 0.2537
 1040 0.2607
 1041 0.2476
 1042 0.2489
 1043 0.2487
 1044 0.2466
 1045 0.2456
 1046 0.2414
 1047 0.244
 1048 0.2416
 1049 0.2477
 1050 0.2536
 1051 0.2618
 1052 0.2581
 1053 0.2609
 1054 0.2598
 1055 0.25
 1056 0.2656
 1057 0.2531
 1058 0.2618
 1059 0.2601
 1060 0.2646
 1061 0.2576
 1062 0.2595
 1063 0.2625
 1064 0.2585
 1065 0.2576
 1066 0.253
 1067 0.2556
 1068 0.2564
 1069 0.2568
 1070 0.2559
 1071 0.2591
 1072 0.2559
 1073 0.2542
 1074 0.2571
 1075 0.252
 1076 0.2625
 1077 0.2588
 1078 0.2664
 1079 0.2543
 1080 0.2443
 1081 0.259
 1082 0.2594
 1083 0.2506
 1084 0.2498
 1085 0.2473
 1086 0.2517
 1087 0.2573
 1088 0.2497
 1089 0.2553
 1090 0.2523
 1091 0.2491
 1092 0.2521
 1093 0.2475
 1094 0.257
 1095 0.246
 1096 0.2606
 1097 0.2576
 1098 0.2627
 1099 0.2523
 1100 0.2548
 1101 0.256
 1102 0.2541
 1103 0.2554
 1104 0.2554
 1105 0.2583
 1106 0.2598
 1107 0.2553
 1108 0.2493
 1109 0.2448
 1110 0.255
 1111 0.246
 1112 0.2534
 1113 0.2504
 1114 0.2543
 1115 0.26
 1116 0.2631
 1117 0.2499
 1118 0.2451
 1119 0.2574
 1120 0.2601
 1121 0.2557
 1122 0.2557
 1123 0.2645
 1124 0.2541
 1125 0.2551
 1126 0.251
 1127 0.2473
 1128 0.2462
 1129 0.25
 1130 0.2512
 1131 0.2566
 1132 0.2537
 1133 0.2585
 1134 0.2636
 1135 0.2664
 1136 0.2613
 1137 0.2627
 1138 0.2527
 1139 0.2547
 1140 0.2515
 1141 0.2536
 1142 0.2515
 1143 0.2559
 1144 0.263
 1145 0.2571
 1146 0.2533
 1147 0.2596
 1148 0.253
 1149 0.2616
 1150 0.267
 1151 0.2604
 1152 0.2627
 1153 0.2538
 1154 0.2547
 1155 0.2518
 1156 0.2551
 1157 0.2541
 1158 0.2637
 1159 0.2584
 1160 0.2593
 1161 0.2439
 1162 0.2514
 1163 0.2531
 1164 0.2517
 1165 0.2554
 1166 0.2567
 1167 0.2646
 1168 0.2681
 1169 0.2564
 1170 0.258
 1171 0.2526
 1172 0.252
 1173 0.2582
 1174 0.2558
 1175 0.2593
 1176 0.2589
 1177 0.2599
 1178 0.2597
 1179 0.2574
 1180 0.2536
 1181 0.2562
 1182 0.2516
 1183 0.252
 1184 0.2495
 1185 0.2403
 1186 0.2498
 1187 0.2452
 1188 0.2532
 1189 0.2627
 1190 0.2624
 1191 0.251
 1192 0.2624
 1193 0.2643
 1194 0.2643
 1195 0.2702
 1196 0.2703
 1197 0.2557
 1198 0.2498
 1199 0.2566
 1200 0.2571
 1201 0.2554
 1202 0.2491
 1203 0.2519
 1204 0.2498
 1205 0.2494
 1206 0.2506
 1207 0.2558
 1208 0.2621
 1209 0.2618
 1210 0.2583
 1211 0.2544
 1212 0.2609
 1213 0.258
 1214 0.2647
 1215 0.2593
 1216 0.2499
 1217 0.2449
 1218 0.2405
 1219 0.2548
 1220 0.2516
 1221 0.249
 1222 0.2527
 1223 0.2468
 1224 0.249
 1225 0.2489
 1226 0.2504
 1227 0.2421
 1228 0.2475
 1229 0.2571
 1230 0.2579
 1231 0.2546
 1232 0.2527
 1233 0.2458
 1234 0.2506
 1235 0.2519
 1236 0.2479
 1237 0.2493
 1238 0.2583
 1239 0.2541
 1240 0.246
 1241 0.2441
 1242 0.2514
 1243 0.2528
 1244 0.2528
 1245 0.2612
 1246 0.2493
 1247 0.249
 1248 0.2595
 1249 0.2493
 1250 0.2506
 1251 0.2542
 1252 0.2525
 1253 0.2472
 1254 0.2472
 1255 0.252
 1256 0.2586
 1257 0.2543
 1258 0.2527
 1259 0.2454
 1260 0.2362
 1261 0.2388
 1262 0.2486
 1263 0.2573
 1264 0.2619
 1265 0.252
 1266 0.2552
 1267 0.2572
 1268 0.2492
 1269 0.2454
 1270 0.2416
 1271 0.2514
 1272 0.2416
 1273 0.2494
 1274 0.254
 1275 0.2524
 1276 0.2525
 1277 0.25
 1278 0.2596
 1279 0.2532
 1280 0.2552
 1281 0.2611
 1282 0.2639
 1283 0.2663
 1284 0.2694
 1285 0.2686
 1286 0.2636
 1287 0.2637
 1288 0.2569
 1289 0.2499
 1290 0.25
 1291 0.2492
 1292 0.2505
 1293 0.2512
 1294 0.251
 1295 0.2462
 1296 0.2544
 1297 0.2482
 1298 0.2501
 1299 0.252
 1300 0.2511
 1301 0.2613
 1302 0.2597
 1303 0.257
 1304 0.2627
 1305 0.257
 1306 0.25
 1307 0.2582
 1308 0.2494
 1309 0.2573
 1310 0.2535
 1311 0.2647
 1312 0.255
 1313 0.2636
 1314 0.2594
 1315 0.2571
 1316 0.2575
 1317 0.2518
 1318 0.253
 1319 0.2523
 1320 0.2422
 1321 0.2426
 1322 0.2469
 1323 0.2501
 1324 0.252
 1325 0.2566
 1326 0.2547
 1327 0.2471
 1328 0.256
 1329 0.2553
 1330 0.2596
 1331 0.2547
 1332 0.2544
 1333 0.2581
 1334 0.2727
 1335 0.266
 1336 0.2549
 1337 0.2496
 1338 0.2525
 1339 0.2512
 1340 0.2536
 1341 0.2559
 1342 0.2592
 1343 0.2531
 1344 0.2562
 1345 0.2522
 1346 0.2499
 1347 0.2648
 1348 0.2562
 1349 0.2574
 1350 0.2561
 1351 0.2584
 1352 0.2635
 1353 0.2501
 1354 0.2536
 1355 0.2571
 1356 0.2546
 1357 0.2563
 1358 0.2496
 1359 0.2524
 1360 0.2536
 1361 0.2541
 1362 0.2562
 1363 0.2578
 1364 0.253
 1365 0.2481
 1366 0.2541
 1367 0.258
 1368 0.2546
 1369 0.2613
 1370 0.2656
 1371 0.2549
 1372 0.2646
 1373 0.2669
 1374 0.2598
 1375 0.26
 1376 0.2545
 1377 0.2548
 1378 0.2532
 1379 0.2578
 1380 0.2652
 1381 0.2585
 1382 0.2604
 1383 0.2576
 1384 0.2547
 1385 0.2479
 1386 0.25
 1387 0.2481
 1388 0.2501
 1389 0.257
 1390 0.2507
 1391 0.2542
 1392 0.2447
 1393 0.2468
 1394 0.252
 1395 0.2543
 1396 0.2584
 1397 0.2595
 1398 0.2626
 1399 0.2571
 1400 0.2609
 1401 0.2635
 1402 0.2712
 1403 0.2629
 1404 0.2534
 1405 0.251
 1406 0.2591
 1407 0.256
 1408 0.2521
 1409 0.2475
 1410 0.2561
 1411 0.2527
 1412 0.2464
 1413 0.2419
 1414 0.2466
 1415 0.2476
 1416 0.249
 1417 0.2456
 1418 0.248
 1419 0.2473
 1420 0.2592
 1421 0.2593
 1422 0.2532
 1423 0.2521
 1424 0.2495
 1425 0.2497
 1426 0.2609
 1427 0.2481
 1428 0.2515
 1429 0.2539
 1430 0.2538
 1431 0.2606
 1432 0.2694
 1433 0.2605
 1434 0.2562
 1435 0.2646
 1436 0.2709
 1437 0.274
 1438 0.2608
 1439 0.2584
 1440 0.256
 1441 0.2653
 1442 0.2535
 1443 0.2491
 1444 0.2496
 1445 0.262
 1446 0.2596
 1447 0.2637
 1448 0.2672
 1449 0.26
 1450 0.2667
 1451 0.2645
 1452 0.2638
 1453 0.2515
 1454 0.2507
 1455 0.2499
 1456 0.2536
 1457 0.245
 1458 0.2591
 1459 0.2532
 1460 0.2582
 1461 0.2541
 1462 0.2542
 1463 0.2584
 1464 0.2581
 1465 0.2494
 1466 0.2521
 1467 0.2561
 1468 0.2533
 1469 0.2473
 1470 0.2411
 1471 0.2473
 1472 0.2483
 1473 0.2414
 1474 0.2482
 1475 0.2545
 1476 0.2603
 1477 0.2547
 1478 0.252
 1479 0.2524
 1480 0.254
 1481 0.2503
 1482 0.2493
 1483 0.2503
 1484 0.2548
 1485 0.2586
 1486 0.2652
 1487 0.2643
 1488 0.2624
 1489 0.252
 1490 0.2445
 1491 0.2444
 1492 0.2525
 1493 0.2519
 1494 0.2508
 1495 0.2534
 1496 0.2559
 1497 0.253
 1498 0.2492
 1499 0.2434
 1500 0.2531
 1501 0.2548
 1502 0.2596
 1503 0.2543
 1504 0.2445
 1505 0.243
 1506 0.249
 1507 0.2585
 1508 0.26
 1509 0.2614
 1510 0.2671
 1511 0.2676
 1512 0.2565
 1513 0.2634
 1514 0.264
 1515 0.2633
 1516 0.2489
 1517 0.2505
 1518 0.2471
 1519 0.2414
 1520 0.243
 1521 0.2438
 1522 0.2496
 1523 0.2562
 1524 0.2565
 1525 0.2607
 1526 0.2551
 1527 0.252
 1528 0.2499
 1529 0.2519
 1530 0.2514
 1531 0.2537
 1532 0.2634
 1533 0.2563
 1534 0.2543
 1535 0.239
 1536 0.2441
 1537 0.248
 1538 0.2494
 1539 0.2533
 1540 0.2555
 1541 0.2581
 1542 0.2592
 1543 0.2559
 1544 0.2584
 1545 0.2557
 1546 0.2544
 1547 0.2538
 1548 0.2645
 1549 0.2566
 1550 0.2553
 1551 0.2429
 1552 0.2602
 1553 0.2605
 1554 0.2526
 1555 0.2496
 1556 0.2576
 1557 0.2635
 1558 0.2586
 1559 0.2568
 1560 0.2494
 1561 0.2551
 1562 0.2556
 1563 0.2554
 1564 0.2533
 1565 0.2457
 1566 0.2449
 1567 0.2472
 1568 0.2509
 1569 0.2571
 1570 0.2643
 1571 0.2655
 1572 0.258
 1573 0.2561
 1574 0.2595
 1575 0.2573
 1576 0.2586
 1577 0.251
 1578 0.2519
 1579 0.2528
 1580 0.2559
 1581 0.2569
 1582 0.2546
 1583 0.2651
 1584 0.269
 1585 0.2721
 1586 0.2665
 1587 0.2611
 1588 0.262
 1589 0.2577
 1590 0.2623
 1591 0.2616
 1592 0.2512
 1593 0.2467
 1594 0.2513
 1595 0.2524
 1596 0.2523
 1597 0.2498
 1598 0.2457
 1599 0.243
 1600 0.2375
 1601 0.2459
 1602 0.2521
 1603 0.2506
 1604 0.2516
 1605 0.2488
 1606 0.2512
 1607 0.2565
 1608 0.2585
 1609 0.2533
 1610 0.2511
 1611 0.2485
 1612 0.2515
 1613 0.2528
 1614 0.2578
 1615 0.2568
 1616 0.2625
 1617 0.2585
 1618 0.2541
 1619 0.2521
 1620 0.2497
 1621 0.2504
 1622 0.2403
 1623 0.2491
 1624 0.249
 1625 0.2465
 1626 0.2488
 1627 0.2477
 1628 0.251
 1629 0.2538
 1630 0.2468
 1631 0.2451
 1632 0.2523
 1633 0.2578
 1634 0.2596
 1635 0.2608
 1636 0.2593
 1637 0.2628
 1638 0.2592
 1639 0.2408
 1640 0.2485
 1641 0.251
 1642 0.2499
 1643 0.2498
 1644 0.25
 1645 0.2573
 1646 0.2616
 1647 0.2657
 1648 0.2617
 1649 0.2557
 1650 0.2639
 1651 0.264
 1652 0.2598
 1653 0.2631
 1654 0.2597
 1655 0.2607
 1656 0.2514
 1657 0.2479
 1658 0.2511
 1659 0.2487
 1660 0.2461
 1661 0.248
 1662 0.2466
 1663 0.2528
 1664 0.2502
 1665 0.2561
 1666 0.257
 1667 0.2622
 1668 0.2631
 1669 0.2528
 1670 0.2576
 1671 0.262
 1672 0.2584
 1673 0.2513
 1674 0.2451
 1675 0.2562
 1676 0.25
 1677 0.2485
 1678 0.2497
 1679 0.2558
 1680 0.2566
 1681 0.2543
 1682 0.2539
 1683 0.2608
 1684 0.2622
 1685 0.2634
 1686 0.2571
 1687 0.245
 1688 0.2456
 1689 0.2453
 1690 0.252
 1691 0.2582
 1692 0.2563
 1693 0.2555
 1694 0.265
 1695 0.2584
 1696 0.2569
 1697 0.2631
 1698 0.2608
 1699 0.2583
 1700 0.2571
 1701 0.2555
 1702 0.2531
 1703 0.2499
 1704 0.2565
 1705 0.2618
 1706 0.2506
 1707 0.2572
 1708 0.2485
 1709 0.2427
 1710 0.2494
 1711 0.2553
 1712 0.2604
 1713 0.2665
 1714 0.2542
 1715 0.2575
 1716 0.255
 1717 0.2574
 1718 0.2475
 1719 0.2454
 1720 0.2525
 1721 0.2523
 1722 0.2611
 1723 0.2564
 1724 0.26
 1725 0.2541
 1726 0.2543
 1727 0.25
 1728 0.2428
 1729 0.2482
 1730 0.254
 1731 0.2549
 1732 0.2644
 1733 0.2633
 1734 0.2607
 1735 0.2575
 1736 0.2545
 1737 0.2587
 1738 0.2527
 1739 0.2513
 1740 0.2581
 1741 0.249
 1742 0.2523
 1743 0.2485
 1744 0.249
 1745 0.2557
 1746 0.2693
 1747 0.2695
 1748 0.2715
 1749 0.2651
 1750 0.2619
 1751 0.2536
 1752 0.2498
 1753 0.2491
 1754 0.2415
 1755 0.2454
 1756 0.246
 1757 0.2499
 1758 0.2461
 1759 0.2465
 1760 0.2483
 1761 0.2534
 1762 0.2564
 1763 0.2565
 1764 0.2607
 1765 0.2597
 1766 0.258
 1767 0.2596
 1768 0.2614
 1769 0.266
 1770 0.2656
 1771 0.2698
 1772 0.2726
 1773 0.2686
 1774 0.2648
 1775 0.2539
 1776 0.2554
 1777 0.2604
 1778 0.2501
 1779 0.248
 1780 0.2563
 1781 0.2586
 1782 0.2581
 1783 0.2492
 1784 0.251
 1785 0.2509
 1786 0.2634
 1787 0.2573
 1788 0.2586
 1789 0.2462
 1790 0.2445
 1791 0.2471
 1792 0.247
 1793 0.2414
 1794 0.2378
 1795 0.2498
 1796 0.2521
 1797 0.2472
 1798 0.2548
 1799 0.2647
 1800 0.2685
 1801 0.2594
 1802 0.2617
 1803 0.256
 1804 0.2599
 1805 0.2616
 1806 0.2641
 1807 0.2663
 1808 0.2675
 1809 0.2638
 1810 0.2486
 1811 0.2411
 1812 0.2451
 1813 0.2549
 1814 0.2532
 1815 0.2531
 1816 0.2541
 1817 0.2583
 1818 0.2548
 1819 0.2459
 1820 0.2415
 1821 0.2519
 1822 0.26
 1823 0.2621
 1824 0.2573
 1825 0.2541
 1826 0.2428
 1827 0.2546
 1828 0.2565
 1829 0.2688
 1830 0.2614
 1831 0.2485
 1832 0.2565
 1833 0.2572
 1834 0.2565
 1835 0.2619
 1836 0.2577
 1837 0.2523
 1838 0.2575
 1839 0.256
 1840 0.2572
 1841 0.2514
 1842 0.2503
 1843 0.258
 1844 0.249
 1845 0.2586
 1846 0.2602
 1847 0.2508
 1848 0.2598
 1849 0.2592
 1850 0.2614
 1851 0.2658
 1852 0.2605
 1853 0.256
 1854 0.2578
 1855 0.2527
 1856 0.2572
 1857 0.2566
 1858 0.2568
 1859 0.2539
 1860 0.2517
 1861 0.2571
 1862 0.2523
 1863 0.249
 1864 0.2514
 1865 0.2569
 1866 0.2545
 1867 0.2557
 1868 0.2575
 1869 0.2444
 1870 0.2435
 1871 0.2577
 1872 0.2608
 1873 0.2591
 1874 0.2499
 1875 0.2568
 1876 0.2656
 1877 0.2675
 1878 0.2522
 1879 0.2506
 1880 0.2584
 1881 0.2543
 1882 0.245
 1883 0.2501
 1884 0.2556
 1885 0.2535
 1886 0.2535
 1887 0.2627
 1888 0.2591
 1889 0.2555
 1890 0.26
 1891 0.2603
 1892 0.2557
 1893 0.2485
 1894 0.2492
 1895 0.2453
 1896 0.2463
 1897 0.254
 1898 0.2592
 1899 0.2571
 1900 0.2619
 1901 0.2647
 1902 0.26
 1903 0.258
 1904 0.2579
 1905 0.2538
 1906 0.2615
 1907 0.257
 1908 0.2536
 1909 0.2601
 1910 0.254
 1911 0.2539
 1912 0.2449
 1913 0.2423
 1914 0.2486
 1915 0.2477
 1916 0.2482
 1917 0.2439
 1918 0.2551
 1919 0.2565
 1920 0.2554
 1921 0.2599
 1922 0.2604
 1923 0.2586
 1924 0.2607
 1925 0.2579
 1926 0.2653
 1927 0.2618
 1928 0.2558
 1929 0.2553
 1930 0.2572
 1931 0.252
 1932 0.2476
 1933 0.2526
 1934 0.2474
 1935 0.2492
 1936 0.2532
 1937 0.2563
 1938 0.2579
 1939 0.2563
 1940 0.2529
 1941 0.2461
 1942 0.2469
 1943 0.2481
 1944 0.2536
 1945 0.2526
 1946 0.2478
 1947 0.256
 1948 0.2512
 1949 0.2515
 1950 0.2522
 1951 0.2472
 1952 0.2462
 1953 0.2478
 1954 0.2547
 1955 0.2537
 1956 0.2545
 1957 0.255
 1958 0.2608
 1959 0.2557
 1960 0.2521
 1961 0.247
 1962 0.253
 1963 0.2611
 1964 0.2542
 1965 0.2582
 1966 0.2606
 1967 0.2523
 1968 0.2507
 1969 0.2533
 1970 0.263
 1971 0.2494
 1972 0.247
 1973 0.2428
 1974 0.2467
 1975 0.246
 1976 0.2428
 1977 0.2442
 1978 0.2493
 1979 0.2538
 1980 0.2544
 1981 0.2516
 1982 0.2481
 1983 0.2507
 1984 0.2491
 1985 0.2568
 1986 0.2561
 1987 0.2651
 1988 0.2646
 1989 0.2617
 1990 0.2544
 1991 0.2598
 1992 0.262
 1993 0.2656
 1994 0.2612
 1995 0.2627
 1996 0.2626
 1997 0.2591
 1998 0.262
 1999 0.2625
 2000 0.2578
 2001 0.255
 2002 0.2503
 2003 0.2521
 2004 0.2465
 2005 0.2566
 2006 0.2517
 2007 0.2602
 2008 0.2637
 2009 0.2546
 2010 0.2628
 2011 0.2606
 2012 0.2531
 2013 0.2569
 2014 0.2535
 2015 0.246
 2016 0.2403
 2017 0.2478
 2018 0.249
 2019 0.2491
 2020 0.2466
 2021 0.245
 2022 0.2434
 2023 0.2365
 2024 0.2333
 2025 0.2387
 2026 0.2415
 2027 0.2519
 2028 0.2535
 2029 0.244
 2030 0.2439
 2031 0.2468
 2032 0.2545
 2033 0.2658
 2034 0.2637
 2035 0.2601
 2036 0.255
 2037 0.2531
 2038 0.2608
 2039 0.2584
 2040 0.255
 2041 0.2579
 2042 0.2528
 2043 0.2559
 2044 0.261
 2045 0.253
 2046 0.2557
 2047 0.2539
 2048 0.2591
 2049 0.2477
 2050 0.2541
 2051 0.2528
 2052 0.2497
 2053 0.2513
 2054 0.2598
 2055 0.2613
 2056 0.2563
 2057 0.2519
 2058 0.2517
 2059 0.2504
 2060 0.2519
 2061 0.2547
 2062 0.2483
 2063 0.2492
 2064 0.2438
 2065 0.2431
 2066 0.2538
 2067 0.2612
 2068 0.2535
 2069 0.256
 2070 0.2547
 2071 0.2517
 2072 0.2618
 2073 0.2687
 2074 0.267
 2075 0.2736
 2076 0.2659
 2077 0.2625
 2078 0.2654
 2079 0.26
 2080 0.2566
 2081 0.2618
 2082 0.2526
 2083 0.2609
 2084 0.2641
 2085 0.268
 2086 0.2633
 2087 0.2519
 2088 0.2535
 2089 0.2601
 2090 0.2596
 2091 0.2612
 2092 0.2538
 2093 0.2554
 2094 0.2561
 2095 0.2607
 2096 0.2553
 2097 0.2498
 2098 0.2534
 2099 0.2615
 2100 0.2569
 2101 0.255
 2102 0.255
 2103 0.2611
 2104 0.2569
 2105 0.2524
 2106 0.2568
 2107 0.2624
 2108 0.2583
 2109 0.254
 2110 0.2556
 2111 0.2595
 2112 0.2652
 2113 0.2658
 2114 0.2647
 2115 0.2653
 2116 0.2654
 2117 0.2573
 2118 0.2523
 2119 0.2481
 2120 0.2462
 2121 0.2561
 2122 0.261
 2123 0.2591
 2124 0.2521
 2125 0.2493
 2126 0.2602
 2127 0.2544
 2128 0.2526
 2129 0.2568
 2130 0.2644
 2131 0.26
 2132 0.2554
 2133 0.2572
 2134 0.253
 2135 0.2554
 2136 0.256
 2137 0.2549
 2138 0.2563
 2139 0.2643
 2140 0.2588
 2141 0.2483
 2142 0.2471
 2143 0.2458
 2144 0.2472
 2145 0.2492
 2146 0.252
 2147 0.2588
 2148 0.2574
 2149 0.2612
 2150 0.2656
 2151 0.2659
 2152 0.259
 2153 0.2566
 2154 0.2528
 2155 0.2471
 2156 0.2478
 2157 0.2452
 2158 0.2496
 2159 0.2472
 2160 0.2467
 2161 0.2547
 2162 0.2484
 2163 0.248
 2164 0.259
 2165 0.2596
 2166 0.2576
 2167 0.2508
 2168 0.2599
 2169 0.2623
 2170 0.2634
 2171 0.2601
 2172 0.2624
 2173 0.2581
 2174 0.2621
 2175 0.2565
 2176 0.2572
 2177 0.2522
 2178 0.256
 2179 0.2559
 2180 0.2539
 2181 0.2534
 2182 0.2499
 2183 0.2528
 2184 0.2509
 2185 0.2383
 2186 0.2465
 2187 0.244
 2188 0.2423
 2189 0.2454
 2190 0.252
 2191 0.2452
 2192 0.2418
 2193 0.2517
 2194 0.2553
 2195 0.2497
 2196 0.2438
 2197 0.2561
 2198 0.2489
 2199 0.2547
 2200 0.2571
 2201 0.2587
 2202 0.2501
 2203 0.2517
 2204 0.2521
 2205 0.2504
 2206 0.2488
 2207 0.2535
 2208 0.2571
 2209 0.2561
 2210 0.2511
 2211 0.2567
 2212 0.2665
 2213 0.2653
 2214 0.2601
 2215 0.26
 2216 0.2634
 2217 0.2537
 2218 0.2607
 2219 0.2589
 2220 0.2527
 2221 0.2558
 2222 0.2573
 2223 0.2574
 2224 0.2604
 2225 0.2531
 2226 0.2474
 2227 0.257
 2228 0.2565
 2229 0.2543
 2230 0.2582
 2231 0.2561
 2232 0.2569
 2233 0.255
 2234 0.2556
 2235 0.2526
 2236 0.2477
 2237 0.2465
 2238 0.2627
 2239 0.2603
 2240 0.2626
 2241 0.2574
 2242 0.2523
 2243 0.2448
 2244 0.2522
 2245 0.2568
 2246 0.2606
 2247 0.256
 2248 0.2626
 2249 0.262
 2250 0.2601
 2251 0.263
 2252 0.2627
 2253 0.2511
 2254 0.2501
 2255 0.2545
 2256 0.2603
 2257 0.2555
 2258 0.2589
 2259 0.2601
 2260 0.2567
 2261 0.2564
 2262 0.2581
 2263 0.2548
 2264 0.2548
 2265 0.25
 2266 0.2528
 2267 0.2493
 2268 0.2611
 2269 0.2568
 2270 0.2565
 2271 0.2623
 2272 0.2599
 2273 0.2613
 2274 0.26
 2275 0.2478
 2276 0.2427
 2277 0.2503
 2278 0.2532
 2279 0.2627
 2280 0.2666
 2281 0.2593
 2282 0.2596
 2283 0.2605
 2284 0.2602
 2285 0.2542
 2286 0.241
 2287 0.2433
 2288 0.2411
 2289 0.2386
 2290 0.2469
 2291 0.2485
 2292 0.257
 2293 0.2503
 2294 0.2664
 2295 0.2658
 2296 0.263
 2297 0.249
 2298 0.254
 2299 0.2529
 2300 0.254
 2301 0.2549
 2302 0.2551
 2303 0.2576
 2304 0.2545
 2305 0.2597
 2306 0.255
 2307 0.2537
 2308 0.2649
 2309 0.2681
 2310 0.2694
 2311 0.2548
 2312 0.2633
 2313 0.2653
 2314 0.2511
 2315 0.243
 2316 0.2421
 2317 0.2466
 2318 0.2516
 2319 0.257
 2320 0.2543
 2321 0.2635
 2322 0.2617
 2323 0.2636
 2324 0.2651
 2325 0.264
 2326 0.2687
 2327 0.2696
 2328 0.266
 2329 0.2631
 2330 0.2546
 2331 0.2494
 2332 0.2495
 2333 0.2408
 2334 0.2474
 2335 0.2479
 2336 0.2432
 2337 0.2512
 2338 0.2535
 2339 0.2632
 2340 0.2662
 2341 0.2652
 2342 0.2624
 2343 0.2602
 2344 0.254
 2345 0.2454
 2346 0.2489
 2347 0.2583
 2348 0.2711
 2349 0.261
 2350 0.251
 2351 0.2606
 2352 0.2624
 2353 0.2611
 2354 0.2711
 2355 0.2725
 2356 0.2682
 2357 0.2603
 2358 0.2615
 2359 0.2586
 2360 0.262
 2361 0.2534
 2362 0.2623
 2363 0.2657
 2364 0.2665
 2365 0.2571
 2366 0.2619
 2367 0.2612
 2368 0.2614
 2369 0.2549
 2370 0.2435
 2371 0.2559
 2372 0.2537
 2373 0.2541
 2374 0.2534
 2375 0.2508
 2376 0.2502
 2377 0.2453
 2378 0.2449
 2379 0.2443
 2380 0.2549
 2381 0.259
 2382 0.265
 2383 0.2678
 2384 0.2526
 2385 0.2569
 2386 0.2504
 2387 0.2517
 2388 0.2586
 2389 0.2515
 2390 0.2599
 2391 0.2604
 2392 0.2621
 2393 0.2672
 2394 0.2639
 2395 0.2551
 2396 0.2556
 2397 0.2697
 2398 0.2629
 2399 0.2629
 2400 0.2667
 2401 0.2603
 2402 0.2495
 2403 0.2467
 2404 0.2441
 2405 0.2292
 2406 0.2417
 2407 0.2441
 2408 0.2564
 2409 0.2548
 2410 0.2597
 2411 0.2518
 2412 0.2626
 2413 0.2543
 2414 0.2599
 2415 0.2477
 2416 0.2451
 2417 0.241
 2418 0.2392
 2419 0.2437
 2420 0.2476
 2421 0.2396
 2422 0.2439
 2423 0.237
 2424 0.2426
 2425 0.2538
 2426 0.2558
 2427 0.2512
 2428 0.2467
 2429 0.2525
 2430 0.2564
 2431 0.2521
 2432 0.2511
 2433 0.2464
 2434 0.2416
 2435 0.2468
 2436 0.2445
 2437 0.2512
 2438 0.2533
 2439 0.254
 2440 0.258
 2441 0.2579
 2442 0.2503
 2443 0.245
 2444 0.2519
 2445 0.2563
 2446 0.2469
 2447 0.2569
 2448 0.2492
 2449 0.2596
 2450 0.2535
 2451 0.2636
 2452 0.269
 2453 0.2639
 2454 0.258
 2455 0.253
 2456 0.2538
 2457 0.2572
 2458 0.2535
 2459 0.2504
 2460 0.2502
 2461 0.2532
 2462 0.2567
 2463 0.2522
 2464 0.2505
 2465 0.2517
 2466 0.2454
 2467 0.2591
 2468 0.2526
 2469 0.2471
 2470 0.2445
 2471 0.2466
 2472 0.2552
 2473 0.2602
 2474 0.254
 2475 0.2559
 2476 0.2532
 2477 0.2578
 2478 0.253
 2479 0.2548
 2480 0.2529
 2481 0.2619
 2482 0.2601
 2483 0.2581
 2484 0.2593
 2485 0.2567
 2486 0.2511
 2487 0.2533
 2488 0.2434
 2489 0.2485
 2490 0.2502
 2491 0.2478
 2492 0.2503
 2493 0.2589
 2494 0.2568
 2495 0.2686
 2496 0.2612
 2497 0.2671
 2498 0.2604
 2499 0.2629
 2500 0.2555
 2501 0.2516
 2502 0.256
 2503 0.2581
 2504 0.2608
 2505 0.2563
 2506 0.2602
 2507 0.2545
 2508 0.2499
 2509 0.256
 2510 0.261
 2511 0.266
 2512 0.2608
 2513 0.2565
 2514 0.247
 2515 0.2453
 2516 0.2542
 2517 0.2604
 2518 0.2614
 2519 0.2566
 2520 0.2525
 2521 0.2505
 2522 0.2572
 2523 0.2574
 2524 0.2497
 2525 0.2478
 2526 0.2516
 2527 0.2658
 2528 0.263
 2529 0.2571
 2530 0.2576
 2531 0.254
 2532 0.2454
 2533 0.2431
 2534 0.2505
 2535 0.2519
 2536 0.252
 2537 0.2556
 2538 0.2515
 2539 0.2599
 2540 0.2659
 2541 0.2632
 2542 0.2612
 2543 0.2564
 2544 0.2479
 2545 0.251
 2546 0.2591
 2547 0.2524
 2548 0.2465
 2549 0.245
 2550 0.2591
 2551 0.2611
 2552 0.2576
 2553 0.2631
 2554 0.2643
 2555 0.2545
 2556 0.2518
 2557 0.2546
 2558 0.2526
 2559 0.2551
 2560 0.2523
 2561 0.2551
 2562 0.2549
 2563 0.2615
 2564 0.2513
 2565 0.2508
 2566 0.2547
 2567 0.2593
 2568 0.2555
 2569 0.2479
 2570 0.2457
 2571 0.257
 2572 0.254
 2573 0.2567
 2574 0.2523
 2575 0.2524
 2576 0.2539
 2577 0.2556
 2578 0.2583
 2579 0.2599
 2580 0.2689
 2581 0.258
 2582 0.2475
 2583 0.2554
 2584 0.2552
 2585 0.2576
 2586 0.2627
 2587 0.2525
 2588 0.2564
 2589 0.2605
 2590 0.2636
 2591 0.2571
 2592 0.2583
 2593 0.2594
 2594 0.2515
 2595 0.2541
 2596 0.2636
 2597 0.2593
 2598 0.2495
 2599 0.2472
 2600 0.248
 2601 0.2522
 2602 0.2619
 2603 0.2665
 2604 0.2571
 2605 0.2556
 2606 0.2602
 2607 0.2558
 2608 0.2521
 2609 0.2497
 2610 0.2558
 2611 0.2499
 2612 0.2598
 2613 0.2555
 2614 0.2576
 2615 0.2583
 2616 0.2555
 2617 0.2572
 2618 0.2556
 2619 0.2542
 2620 0.2435
 2621 0.2548
 2622 0.2643
 2623 0.262
 2624 0.2642
 2625 0.2634
 2626 0.2599
 2627 0.2601
 2628 0.2527
 2629 0.2516
 2630 0.2488
 2631 0.2407
 2632 0.2428
 2633 0.2498
 2634 0.2462
 2635 0.2437
 2636 0.243
 2637 0.2523
 2638 0.254
 2639 0.2586
 2640 0.2596
 2641 0.2613
 2642 0.2602
 2643 0.2554
 2644 0.2467
 2645 0.2503
 2646 0.2579
 2647 0.2586
 2648 0.2618
 2649 0.2556
 2650 0.2604
 2651 0.2549
 2652 0.2477
 2653 0.2483
 2654 0.2519
 2655 0.2467
 2656 0.2626
 2657 0.2699
 2658 0.2538
 2659 0.2585
 2660 0.2655
 2661 0.2586
 2662 0.2601
 2663 0.2603
 2664 0.2612
 2665 0.2637
 2666 0.2655
 2667 0.2543
 2668 0.2589
 2669 0.2576
 2670 0.2578
 2671 0.2472
 2672 0.2568
 2673 0.2578
 2674 0.2576
 2675 0.2648
 2676 0.2592
 2677 0.262
 2678 0.2617
 2679 0.2568
 2680 0.2473
 2681 0.2592
 2682 0.2577
 2683 0.261
 2684 0.2496
 2685 0.2545
 2686 0.2565
 2687 0.2603
 2688 0.2548
 2689 0.2543
 2690 0.2519
 2691 0.2481
 2692 0.251
 2693 0.2561
 2694 0.2525
 2695 0.2562
 2696 0.2617
 2697 0.2568
 2698 0.2581
 2699 0.2588
 2700 0.2555
 2701 0.2517
 2702 0.2484
 2703 0.2536
 2704 0.2575
 2705 0.2549
 2706 0.2526
 2707 0.2503
 2708 0.2469
 2709 0.2505
 2710 0.2527
 2711 0.2572
 2712 0.2502
 2713 0.2513
 2714 0.2463
 2715 0.2476
 2716 0.2519
 2717 0.2524
 2718 0.2437
 2719 0.2542
 2720 0.2652
 2721 0.2628
 2722 0.2614
 2723 0.2606
 2724 0.2674
 2725 0.2575
 2726 0.2645
 2727 0.2593
 2728 0.2568
 2729 0.2561
 2730 0.2549
 2731 0.2539
 2732 0.2539
 2733 0.2493
 2734 0.2453
 2735 0.2525
 2736 0.2564
 2737 0.2521
 2738 0.2541
 2739 0.2517
 2740 0.2438
 2741 0.2431
 2742 0.2526
 2743 0.2609
 2744 0.2505
 2745 0.2545
 2746 0.256
 2747 0.2665
 2748 0.255
 2749 0.2539
 2750 0.2533
 2751 0.2565
 2752 0.2525
 2753 0.2496
 2754 0.2517
 2755 0.2428
 2756 0.2496
 2757 0.2428
 2758 0.2428
 2759 0.247
 2760 0.2548
 2761 0.2514
 2762 0.2496
 2763 0.2477
 2764 0.2462
 2765 0.2573
 2766 0.2456
 2767 0.256
 2768 0.2616
 2769 0.2607
 2770 0.2586
 2771 0.2546
 2772 0.2494
 2773 0.2421
 2774 0.2496
 2775 0.2508
 2776 0.2542
 2777 0.2557
 2778 0.2601
 2779 0.2501
 2780 0.2374
 2781 0.2384
 2782 0.2414
 2783 0.2381
 2784 0.2479
 2785 0.2447
 2786 0.2496
 2787 0.2566
 2788 0.2582
 2789 0.2591
 2790 0.2579
 2791 0.2561
 2792 0.2607
 2793 0.2517
 2794 0.2607
 2795 0.2648
 2796 0.262
 2797 0.2641
 2798 0.2644
 2799 0.2705
 2800 0.2626
 2801 0.2635
 2802 0.27
 2803 0.2588
 2804 0.2508
 2805 0.2489
 2806 0.2602
 2807 0.2564
 2808 0.2527
 2809 0.249
 2810 0.2518
 2811 0.2515
 2812 0.2542
 2813 0.2554
 2814 0.2492
 2815 0.2518
 2816 0.2526
 2817 0.2529
 2818 0.2494
 2819 0.2525
 2820 0.2554
 2821 0.2483
 2822 0.255
 2823 0.256
 2824 0.2514
 2825 0.2546
 2826 0.2548
 2827 0.2481
 2828 0.2493
 2829 0.2493
 2830 0.2559
 2831 0.2576
 2832 0.2578
 2833 0.2592
 2834 0.2539
 2835 0.2485
 2836 0.2429
 2837 0.248
 2838 0.2502
 2839 0.2459
 2840 0.2438
 2841 0.2574
 2842 0.2601
 2843 0.2635
 2844 0.2676
 2845 0.2703
 2846 0.2567
 2847 0.2548
 2848 0.256
 2849 0.2515
 2850 0.253
 2851 0.2489
 2852 0.2567
 2853 0.2527
 2854 0.2538
 2855 0.2486
 2856 0.2449
 2857 0.2426
 2858 0.2544
 2859 0.2527
 2860 0.2519
 2861 0.2597
 2862 0.2475
 2863 0.2454
 2864 0.2483
 2865 0.2537
 2866 0.2466
 2867 0.2552
 2868 0.2492
 2869 0.252
 2870 0.2488
 2871 0.2538
 2872 0.2499
 2873 0.2608
 2874 0.2652
 2875 0.2548
 2876 0.2519
 2877 0.2559
 2878 0.2544
 2879 0.2584
 2880 0.2506
 2881 0.2473
 2882 0.2579
 2883 0.2525
 2884 0.2511
 2885 0.252
 2886 0.2514
 2887 0.2432
 2888 0.2498
 2889 0.2562
 2890 0.2516
 2891 0.2563
 2892 0.2513
 2893 0.2552
 2894 0.2488
 2895 0.246
 2896 0.2401
 2897 0.2408
 2898 0.2454
 2899 0.2506
 2900 0.2618
 2901 0.2601
 2902 0.2588
 2903 0.2623
 2904 0.2663
 2905 0.2601
 2906 0.2616
 2907 0.258
 2908 0.2515
 2909 0.247
 2910 0.2491
 2911 0.247
 2912 0.2511
 2913 0.2551
 2914 0.2552
 2915 0.2606
 2916 0.258
 2917 0.2563
 2918 0.251
 2919 0.25
 2920 0.251
 2921 0.2612
 2922 0.2631
 2923 0.2604
 2924 0.2615
 2925 0.2699
 2926 0.2641
 2927 0.2577
 2928 0.2554
 2929 0.2539
 2930 0.2515
 2931 0.2537
 2932 0.2438
 2933 0.2563
 2934 0.2423
 2935 0.248
 2936 0.2508
 2937 0.2572
 2938 0.2578
 2939 0.2457
 2940 0.2465
 2941 0.2523
 2942 0.26
 2943 0.2607
 2944 0.2561
 2945 0.2627
 2946 0.2605
 2947 0.2488
 2948 0.2581
 2949 0.2605
 2950 0.2605
 2951 0.2702
 2952 0.2642
 2953 0.2598
 2954 0.2533
 2955 0.2545
 2956 0.2549
 2957 0.2455
 2958 0.2511
 2959 0.254
 2960 0.2585
 2961 0.259
 2962 0.2533
 2963 0.2571
 2964 0.2502
 2965 0.2498
 2966 0.2508
 2967 0.2596
 2968 0.2589
 2969 0.2617
 2970 0.2641
 2971 0.2634
 2972 0.2562
 2973 0.2566
 2974 0.268
 2975 0.254
 2976 0.2508
 2977 0.2513
 2978 0.254
 2979 0.2574
 2980 0.2465
 2981 0.2345
 2982 0.2401
 2983 0.2415
 2984 0.2484
 2985 0.257
 2986 0.2606
 2987 0.26
 2988 0.2591
 2989 0.2587
 2990 0.258
 2991 0.2592
 2992 0.264
 2993 0.258
 2994 0.2488
 2995 0.2467
 2996 0.2545
 2997 0.2556
 2998 0.2487
 2999 0.2498
 3000 0.2464
 3001 0.251
 3002 0.2491
 3003 0.2536
 3004 0.2529
 3005 0.244
 3006 0.2437
 3007 0.2444
 3008 0.2497
 3009 0.2513
 3010 0.2467
 3011 0.2457
 3012 0.2546
 3013 0.2541
 3014 0.2528
 3015 0.2461
 3016 0.2528
 3017 0.2523
 3018 0.2454
 3019 0.2441
 3020 0.2547
 3021 0.2535
 3022 0.2561
 3023 0.2527
 3024 0.2484
 3025 0.2496
 3026 0.2433
 3027 0.2439
 3028 0.2495
 3029 0.2591
 3030 0.2583
 3031 0.2631
 3032 0.2614
 3033 0.256
 3034 0.2591
 3035 0.2608
 3036 0.2613
 3037 0.2607
 3038 0.2631
 3039 0.2651
 3040 0.2565
 3041 0.2501
 3042 0.2593
 3043 0.2688
 3044 0.2705
 3045 0.2631
 3046 0.2568
 3047 0.2528
 3048 0.2475
 3049 0.2464
 3050 0.2502
 3051 0.2565
 3052 0.254
 3053 0.2518
 3054 0.257
 3055 0.2585
 3056 0.2606
 3057 0.26
 3058 0.2587
 3059 0.259
 3060 0.2532
 3061 0.2553
 3062 0.2586
 3063 0.253
 3064 0.2549
 3065 0.2571
 3066 0.2608
 3067 0.2626
 3068 0.2622
 3069 0.2596
 3070 0.268
 3071 0.2666
 3072 0.2629
 3073 0.2522
 3074 0.2546
 3075 0.2593
 3076 0.2575
 3077 0.2561
 3078 0.2623
 3079 0.2609
 3080 0.2564
 3081 0.2569
 3082 0.2614
 3083 0.2521
 3084 0.2494
 3085 0.2534
 3086 0.2513
 3087 0.2479
 3088 0.2491
 3089 0.2534
 3090 0.254
 3091 0.2521
 3092 0.247
 3093 0.2477
 3094 0.2485
 3095 0.2463
 3096 0.2463
 3097 0.2453
 3098 0.2495
 3099 0.2475
 3100 0.2424
 3101 0.2491
 3102 0.2547
 3103 0.2555
 3104 0.2559
 3105 0.256
 3106 0.2548
 3107 0.2536
 3108 0.2533
 3109 0.2518
 3110 0.2528
 3111 0.2534
 3112 0.2627
 3113 0.2589
 3114 0.2528
 3115 0.2542
 3116 0.2599
 3117 0.2603
 3118 0.2671
 3119 0.2667
 3120 0.2605
 3121 0.257
 3122 0.2603
 3123 0.2605
 3124 0.2624
 3125 0.2546
 3126 0.256
 3127 0.2568
 3128 0.2614
 3129 0.2617
 3130 0.2671
 3131 0.2678
 3132 0.2626
 3133 0.2624
 3134 0.2592
 3135 0.2528
 3136 0.2529
 3137 0.2563
 3138 0.2525
 3139 0.2579
 3140 0.2545
 3141 0.2582
 3142 0.259
 3143 0.253
 3144 0.2522
 3145 0.2573
 3146 0.2629
 3147 0.2577
 3148 0.2553
 3149 0.2536
 3150 0.255
 3151 0.26
 3152 0.2528
 3153 0.2604
 3154 0.2637
 3155 0.2627
 3156 0.2596
 3157 0.2585
 3158 0.2541
 3159 0.2647
 3160 0.2607
 3161 0.2659
 3162 0.2604
 3163 0.2479
 3164 0.249
 3165 0.2465
 3166 0.2489
 3167 0.2535
 3168 0.2553
 3169 0.2483
 3170 0.2459
 3171 0.2504
 3172 0.255
 3173 0.2421
 3174 0.2387
 3175 0.2449
 3176 0.2475
 3177 0.2483
 3178 0.2468
 3179 0.2447
 3180 0.2535
 3181 0.2589
 3182 0.2549
 3183 0.2533
 3184 0.255
 3185 0.2537
 3186 0.2557
 3187 0.2537
 3188 0.2551
 3189 0.2636
 3190 0.2689
 3191 0.262
 3192 0.2621
 3193 0.2589
 3194 0.2494
 3195 0.2532
 3196 0.2589
 3197 0.256
 3198 0.2433
 3199 0.2478
 3200 0.2562
 3201 0.2642
 3202 0.2673
 3203 0.2625
 3204 0.2631
 3205 0.2596
 3206 0.2534
 3207 0.2482
 3208 0.2494
 3209 0.2491
 3210 0.2445
 3211 0.2467
 3212 0.2564
 3213 0.2577
 3214 0.2625
 3215 0.2567
 3216 0.2549
 3217 0.2519
 3218 0.2562
 3219 0.2612
 3220 0.2642
 3221 0.2574
 3222 0.2593
 3223 0.2589
 3224 0.2638
 3225 0.2566
 3226 0.2483
 3227 0.2511
 3228 0.2473
 3229 0.2449
 3230 0.2408
 3231 0.2363
 3232 0.2391
 3233 0.247
 3234 0.2478
 3235 0.2366
 3236 0.2331
 3237 0.2423
 3238 0.2433
 3239 0.2509
 3240 0.2554
 3241 0.2563
 3242 0.2649
 3243 0.2648
 3244 0.2637
 3245 0.2576
 3246 0.2564
 3247 0.2562
 3248 0.2511
 3249 0.2457
 3250 0.2393
 3251 0.2368
 3252 0.2387
 3253 0.2425
 3254 0.2502
 3255 0.2647
 3256 0.2625
 3257 0.2547
 3258 0.2435
 3259 0.2454
 3260 0.2524
 3261 0.2512
 3262 0.2544
 3263 0.2569
 3264 0.2584
 3265 0.2535
 3266 0.2464
 3267 0.2529
 3268 0.2568
 3269 0.2457
 3270 0.2434
 3271 0.2482
 3272 0.2476
 3273 0.2449
 3274 0.2514
 3275 0.2544
 3276 0.2575
 3277 0.2577
 3278 0.2548
 3279 0.2517
 3280 0.258
 3281 0.2541
 3282 0.2542
 3283 0.2536
 3284 0.2544
 3285 0.2526
 3286 0.2503
 3287 0.2613
 3288 0.2586
 3289 0.2588
 3290 0.2642
 3291 0.2621
 3292 0.2653
 3293 0.2531
 3294 0.2563
 3295 0.2539
 3296 0.254
 3297 0.249
 3298 0.2535
 3299 0.2526
 3300 0.2552
 3301 0.2504
 3302 0.2596
 3303 0.2557
 3304 0.26
 3305 0.2578
 3306 0.264
 3307 0.2626
 3308 0.2617
 3309 0.2574
 3310 0.2562
 3311 0.2572
 3312 0.2595
 3313 0.264
 3314 0.2595
 3315 0.254
 3316 0.2568
 3317 0.2573
 3318 0.2528
 3319 0.2507
 3320 0.2442
 3321 0.2475
 3322 0.2531
 3323 0.2538
 3324 0.2463
 3325 0.2485
 3326 0.2426
 3327 0.2557
 3328 0.2565
 3329 0.2549
 3330 0.2525
 3331 0.252
 3332 0.2629
 3333 0.2601
 3334 0.2569
 3335 0.2551
 3336 0.2543
 3337 0.2483
 3338 0.2395
 3339 0.2459
 3340 0.2592
 3341 0.2704
 3342 0.2631
 3343 0.266
 3344 0.2623
 3345 0.2589
 3346 0.2524
 3347 0.2556
 3348 0.2513
 3349 0.2497
 3350 0.2436
 3351 0.2525
 3352 0.245
 3353 0.2443
 3354 0.2414
 3355 0.253
 3356 0.2565
 3357 0.26
 3358 0.2601
 3359 0.247
 3360 0.2441
 3361 0.2462
 3362 0.2465
 3363 0.2549
 3364 0.2384
 3365 0.2365
 3366 0.2454
 3367 0.2464
 3368 0.26
 3369 0.2575
 3370 0.2591
 3371 0.2648
 3372 0.2642
 3373 0.2575
 3374 0.2583
 3375 0.2605
 3376 0.2623
 3377 0.244
 3378 0.2519
 3379 0.2521
 3380 0.2475
 3381 0.2445
 3382 0.2546
 3383 0.272
 3384 0.2777
 3385 0.2661
 3386 0.2687
 3387 0.2541
 3388 0.261
 3389 0.2589
 3390 0.2636
 3391 0.2628
 3392 0.2643
 3393 0.2579
 3394 0.2593
 3395 0.2612
 3396 0.2587
 3397 0.2551
 3398 0.2606
 3399 0.2465
 3400 0.2429
 3401 0.2563
 3402 0.266
 3403 0.2577
 3404 0.2527
 3405 0.2571
 3406 0.256
 3407 0.2533
 3408 0.2499
 3409 0.2528
 3410 0.2541
 3411 0.2505
 3412 0.2437
 3413 0.2454
 3414 0.2547
 3415 0.2554
 3416 0.2498
 3417 0.262
 3418 0.2598
 3419 0.2599
 3420 0.2468
 3421 0.2571
 3422 0.259
 3423 0.2624
 3424 0.2526
 3425 0.2463
 3426 0.2449
 3427 0.2454
 3428 0.2427
 3429 0.2486
 3430 0.2418
 3431 0.2471
 3432 0.2569
 3433 0.262
 3434 0.2664
 3435 0.2547
 3436 0.2523
 3437 0.2608
 3438 0.2649
 3439 0.2618
 3440 0.2567
 3441 0.2622
 3442 0.2507
 3443 0.2577
 3444 0.2531
 3445 0.2657
 3446 0.2587
 3447 0.2627
 3448 0.26
 3449 0.2584
 3450 0.2578
 3451 0.2567
 3452 0.2588
 3453 0.259
 3454 0.2521
 3455 0.263
 3456 0.2672
 3457 0.2637
 3458 0.2668
 3459 0.2594
 3460 0.2606
 3461 0.2567
 3462 0.2591
 3463 0.2496
 3464 0.2572
 3465 0.2512
 3466 0.263
 3467 0.2581
 3468 0.2504
 3469 0.255
 3470 0.2501
 3471 0.2556
 3472 0.2523
 3473 0.2511
 3474 0.261
 3475 0.2572
 3476 0.2496
 3477 0.2507
 3478 0.2457
 3479 0.2516
 3480 0.2472
 3481 0.252
 3482 0.2567
 3483 0.2618
 3484 0.2617
 3485 0.2609
 3486 0.2457
 3487 0.2496
 3488 0.2548
 3489 0.2486
 3490 0.2608
 3491 0.2533
 3492 0.2625
 3493 0.2661
 3494 0.2627
 3495 0.2618
 3496 0.2727
 3497 0.2682
 3498 0.267
 3499 0.265
 3500 0.266
 3501 0.2663
 3502 0.2648
 3503 0.2621
 3504 0.2627
 3505 0.2591
 3506 0.2576
 3507 0.2516
 3508 0.2478
 3509 0.2533
 3510 0.2529
 3511 0.2512
 3512 0.2551
 3513 0.2581
 3514 0.2542
 3515 0.2483
 3516 0.2517
 3517 0.2557
 3518 0.2553
 3519 0.2535
 3520 0.2573
 3521 0.2663
 3522 0.266
 3523 0.2656
 3524 0.2611
 3525 0.2555
 3526 0.2539
 3527 0.2632
 3528 0.2612
 3529 0.2711
 3530 0.2672
 3531 0.2583
 3532 0.2561
 3533 0.2541
 3534 0.262
 3535 0.2515
 3536 0.2568
 3537 0.2561
 3538 0.2604
 3539 0.2552
 3540 0.2504
 3541 0.2562
 3542 0.2537
 3543 0.2574
 3544 0.2479
 3545 0.2504
 3546 0.252
 3547 0.2399
 3548 0.2512
 3549 0.2484
 3550 0.2525
 3551 0.2598
 3552 0.2616
 3553 0.2591
 3554 0.2586
 3555 0.2582
 3556 0.2621
 3557 0.2578
 3558 0.2571
 3559 0.2528
 3560 0.252
 3561 0.2508
 3562 0.2431
 3563 0.253
 3564 0.2542
 3565 0.2624
 3566 0.2563
 3567 0.2567
 3568 0.2545
 3569 0.2441
 3570 0.2451
 3571 0.2471
 3572 0.2502
 3573 0.2533
 3574 0.2556
 3575 0.2597
 3576 0.257
 3577 0.2566
 3578 0.2564
 3579 0.2618
 3580 0.262
 3581 0.2573
 3582 0.2598
 3583 0.2606
 3584 0.261
 3585 0.2554
 3586 0.2527
 3587 0.2536
 3588 0.2536
 3589 0.2513
 3590 0.2522
 3591 0.2443
 3592 0.252
 3593 0.2518
 3594 0.2496
 3595 0.2542
 3596 0.2552
 3597 0.2557
 3598 0.2519
 3599 0.2547
 3600 0.2528
 3601 0.2544
 3602 0.2612
 3603 0.2551
 3604 0.2594
 3605 0.2597
 3606 0.2559
 3607 0.2593
 3608 0.2619
 3609 0.2685
 3610 0.2667
 3611 0.2674
 3612 0.2653
 3613 0.2651
 3614 0.2521
 3615 0.2556
 3616 0.2638
 3617 0.2558
 3618 0.2535
 3619 0.2536
 3620 0.2597
 3621 0.2588
 3622 0.2569
 3623 0.2511
 3624 0.254
 3625 0.2543
 3626 0.2569
 3627 0.26
 3628 0.2598
 3629 0.2627
 3630 0.2599
 3631 0.2624
 3632 0.264
 3633 0.2621
 3634 0.2649
 3635 0.2605
 3636 0.2568
 3637 0.2569
 3638 0.2528
 3639 0.2621
 3640 0.2656
 3641 0.264
 3642 0.2511
 3643 0.2538
 3644 0.2623
 3645 0.2671
 3646 0.2556
 3647 0.2569
 3648 0.2506
 3649 0.2596
 3650 0.2665
 3651 0.2553
 3652 0.2545
 3653 0.2439
 3654 0.2356
 3655 0.2435
 3656 0.2423
 3657 0.2435
 3658 0.2573
 3659 0.2602
 3660 0.2562
 3661 0.2556
 3662 0.2554
 3663 0.2623
 3664 0.2631
 3665 0.2597
 3666 0.2595
 3667 0.264
 3668 0.2605
 3669 0.2611
 3670 0.2581
 3671 0.2599
 3672 0.248
 3673 0.2564
 3674 0.2494
 3675 0.2519
 3676 0.2602
 3677 0.2611
 3678 0.2586
 3679 0.2581
 3680 0.2652
 3681 0.2536
 3682 0.2527
 3683 0.2544
 3684 0.2468
 3685 0.2474
 3686 0.2551
 3687 0.2499
 3688 0.253
 3689 0.2524
 3690 0.2429
 3691 0.2533
 3692 0.2597
 3693 0.2591
 3694 0.2512
 3695 0.2457
 3696 0.2487
 3697 0.2425
 3698 0.2449
 3699 0.2482
 3700 0.2467
 3701 0.2481
 3702 0.2501
 3703 0.2487
 3704 0.2563
 3705 0.2561
 3706 0.2552
 3707 0.2575
 3708 0.2541
 3709 0.2509
 3710 0.2536
 3711 0.2513
 3712 0.2476
 3713 0.2498
 3714 0.2516
 3715 0.2459
 3716 0.2456
 3717 0.2555
 3718 0.25
 3719 0.2492
 3720 0.2496
 3721 0.25
 3722 0.2607
 3723 0.259
 3724 0.2601
 3725 0.2565
 3726 0.2489
 3727 0.2532
 3728 0.2582
 3729 0.2619
 3730 0.2603
 3731 0.2607
 3732 0.2565
 3733 0.2534
 3734 0.2534
 3735 0.2511
 3736 0.252
 3737 0.2616
 3738 0.2601
 3739 0.2641
 3740 0.2639
 3741 0.257
 3742 0.2512
 3743 0.2549
 3744 0.2579
 3745 0.2542
 3746 0.2462
 3747 0.2502
 3748 0.258
 3749 0.2648
 3750 0.2635
 3751 0.2567
 3752 0.2621
 3753 0.261
 3754 0.2498
 3755 0.2585
 3756 0.2444
 3757 0.2559
 3758 0.2536
 3759 0.259
 3760 0.2577
 3761 0.2564
 3762 0.2557
 3763 0.2553
 3764 0.2594
 3765 0.2583
 3766 0.2652
 3767 0.263
 3768 0.2561
 3769 0.2531
 3770 0.2505
 3771 0.2532
 3772 0.2441
 3773 0.2505
 3774 0.2427
 3775 0.2514
 3776 0.2488
 3777 0.245
 3778 0.2465
 3779 0.2603
 3780 0.2613
 3781 0.2647
 3782 0.2545
 3783 0.2626
 3784 0.2497
 3785 0.2382
 3786 0.2379
 3787 0.241
 3788 0.2451
 3789 0.2504
 3790 0.2527
 3791 0.268
 3792 0.258
 3793 0.2602
 3794 0.2576
 3795 0.2671
 3796 0.2705
 3797 0.2705
 3798 0.2601
 3799 0.2554
 3800 0.2527
 3801 0.2587
 3802 0.2547
 3803 0.2628
 3804 0.2603
 3805 0.2557
 3806 0.252
 3807 0.2541
 3808 0.2611
 3809 0.26
 3810 0.2596
 3811 0.2523
 3812 0.251
 3813 0.2493
 3814 0.2488
 3815 0.2518
 3816 0.2504
 3817 0.2503
 3818 0.2564
 3819 0.2519
 3820 0.2549
 3821 0.2568
 3822 0.2606
 3823 0.2584
 3824 0.2524
 3825 0.2416
 3826 0.2512
 3827 0.2596
 3828 0.2438
 3829 0.246
 3830 0.251
 3831 0.2579
 3832 0.2572
 3833 0.2586
 3834 0.2618
 3835 0.2705
 3836 0.2653
 3837 0.2609
 3838 0.25
 3839 0.255
 3840 0.2505
 3841 0.2513
 3842 0.2555
 3843 0.2615
 3844 0.2562
 3845 0.2532
 3846 0.2511
 3847 0.2442
 3848 0.257
 3849 0.2546
 3850 0.2499
 3851 0.253
 3852 0.2569
 3853 0.2558
 3854 0.2566
 3855 0.263
 3856 0.2623
 3857 0.2655
 3858 0.2475
 3859 0.2424
 3860 0.2472
 3861 0.244
 3862 0.2528
 3863 0.2491
 3864 0.2467
 3865 0.2614
 3866 0.2618
 3867 0.258
 3868 0.2609
 3869 0.2572
 3870 0.2554
 3871 0.2605
 3872 0.2681
 3873 0.2637
 3874 0.257
 3875 0.2521
 3876 0.2394
 3877 0.2435
 3878 0.2492
 3879 0.2532
 3880 0.2476
 3881 0.2527
 3882 0.2545
 3883 0.2572
 3884 0.2573
 3885 0.2617
 3886 0.2568
 3887 0.2562
 3888 0.2541
 3889 0.2431
 3890 0.2474
 3891 0.2523
 3892 0.2487
 3893 0.2423
 3894 0.2463
 3895 0.2479
 3896 0.2467
 3897 0.2563
 3898 0.2589
 3899 0.2599
 3900 0.2611
 3901 0.2624
 3902 0.2591
 3903 0.2587
 3904 0.2599
 3905 0.2498
 3906 0.2564
 3907 0.2539
 3908 0.2441
 3909 0.2468
 3910 0.2518
 3911 0.261
 3912 0.2611
 3913 0.2668
 3914 0.2576
 3915 0.2554
 3916 0.255
 3917 0.2609
 3918 0.2605
 3919 0.2602
 3920 0.2594
 3921 0.2547
 3922 0.2488
 3923 0.2533
 3924 0.253
 3925 0.2547
 3926 0.2559
 3927 0.2602
 3928 0.2474
 3929 0.2416
 3930 0.2499
 3931 0.2497
 3932 0.2562
 3933 0.2613
 3934 0.2577
 3935 0.2659
 3936 0.2578
 3937 0.2604
 3938 0.2524
 3939 0.2537
 3940 0.2546
 3941 0.2523
 3942 0.2581
 3943 0.2587
 3944 0.2504
 3945 0.2515
 3946 0.2527
 3947 0.2505
 3948 0.2538
 3949 0.2635
 3950 0.2562
 3951 0.2551
 3952 0.2511
 3953 0.2574
 3954 0.2551
 3955 0.2596
 3956 0.2555
 3957 0.259
 3958 0.249
 3959 0.2615
 3960 0.2599
 3961 0.2578
 3962 0.253
 3963 0.2516
 3964 0.2536
 3965 0.254
 3966 0.2604
 3967 0.2527
 3968 0.2537
 3969 0.2565
 3970 0.2588
 3971 0.2546
 3972 0.2562
 3973 0.2603
 3974 0.2535
 3975 0.2546
 3976 0.2529
 3977 0.249
 3978 0.256
 3979 0.2528
 3980 0.2515
 3981 0.2452
 3982 0.2426
 3983 0.2515
 3984 0.2599
 3985 0.2594
 3986 0.2681
 3987 0.2656
 3988 0.2682
 3989 0.2722
 3990 0.2655
 3991 0.2656
 3992 0.2571
 3993 0.2571
 3994 0.2523
 3995 0.2523
 3996 0.2587
 3997 0.2593
 3998 0.2638
 3999 0.263
 4000 0.2651
 4001 0.2545
 4002 0.2532
 4003 0.246
 4004 0.2509
 4005 0.2593
 4006 0.2492
 4007 0.2558
 4008 0.2508
 4009 0.243
 4010 0.2466
 4011 0.2473
 4012 0.259
 4013 0.2595
 4014 0.2477
 4015 0.2509
 4016 0.2545
 4017 0.258
 4018 0.2636
 4019 0.2593
 4020 0.2583
 4021 0.2572
 4022 0.2478
 4023 0.2548
 4024 0.2561
 4025 0.2578
 4026 0.2538
 4027 0.2598
 4028 0.253
 4029 0.2539
 4030 0.2514
 4031 0.2569
 4032 0.2653
 4033 0.2735
 4034 0.2701
 4035 0.2685
 4036 0.2616
 4037 0.2594
 4038 0.256
 4039 0.2655
 4040 0.2649
 4041 0.26
 4042 0.2487
 4043 0.2496
 4044 0.2607
 4045 0.2551
 4046 0.2658
 4047 0.2523
 4048 0.254
 4049 0.248
 4050 0.2493
 4051 0.2478
 4052 0.2513
 4053 0.2671
 4054 0.2573
 4055 0.2565
 4056 0.2604
 4057 0.256
 4058 0.257
 4059 0.2434
 4060 0.2494
 4061 0.2534
 4062 0.2567
 4063 0.251
 4064 0.2488
 4065 0.2595
 4066 0.264
 4067 0.2562
 4068 0.2537
 4069 0.252
 4070 0.2488
 4071 0.2452
 4072 0.2482
 4073 0.2466
 4074 0.2431
 4075 0.2523
 4076 0.2549
 4077 0.2533
 4078 0.2544
 4079 0.26
 4080 0.2673
 4081 0.2687
 4082 0.2613
 4083 0.2543
 4084 0.2486
 4085 0.2535
 4086 0.2524
 4087 0.2541
 4088 0.2616
 4089 0.2513
 4090 0.2492
 4091 0.2547
 4092 0.2548
 4093 0.2596
 4094 0.261
 4095 0.2476
 4096 0.2453
 4097 0.2478
 4098 0.2479
 4099 0.2575
 4100 0.2535
 4101 0.2618
 4102 0.2678
 4103 0.2586
 4104 0.2579
 4105 0.2637
 4106 0.2631
 4107 0.2607
 4108 0.2611
 4109 0.2585
 4110 0.2571
 4111 0.251
 4112 0.2482
 4113 0.2467
 4114 0.2484
 4115 0.2423
 4116 0.2472
 4117 0.2454
 4118 0.25
 4119 0.2585
 4120 0.2543
 4121 0.2558
 4122 0.2603
 4123 0.2711
 4124 0.257
 4125 0.2585
 4126 0.2583
 4127 0.2586
 4128 0.2498
 4129 0.2556
 4130 0.2516
 4131 0.2576
 4132 0.2572
 4133 0.2546
 4134 0.2484
 4135 0.2478
 4136 0.2637
 4137 0.2592
 4138 0.2467
 4139 0.2523
 4140 0.2577
 4141 0.2539
 4142 0.2525
 4143 0.2416
 4144 0.2518
 4145 0.2528
 4146 0.2564
 4147 0.2554
 4148 0.256
 4149 0.259
 4150 0.2511
 4151 0.2548
 4152 0.2521
 4153 0.2513
 4154 0.2455
 4155 0.2515
 4156 0.2518
 4157 0.2537
 4158 0.2599
 4159 0.262
 4160 0.2665
 4161 0.261
 4162 0.2487
 4163 0.2569
 4164 0.2617
 4165 0.2551
 4166 0.2564
 4167 0.2599
 4168 0.2539
 4169 0.2497
 4170 0.2628
 4171 0.2623
 4172 0.2615
 4173 0.267
 4174 0.2604
 4175 0.2588
 4176 0.2431
 4177 0.2475
 4178 0.2466
 4179 0.2548
 4180 0.2534
 4181 0.2588
 4182 0.2655
 4183 0.2619
 4184 0.2633
 4185 0.2719
 4186 0.2661
 4187 0.2598
 4188 0.2591
 4189 0.2552
 4190 0.2577
 4191 0.259
 4192 0.2553
 4193 0.2627
 4194 0.2609
 4195 0.2651
 4196 0.2605
 4197 0.2528
 4198 0.2499
 4199 0.2518
 4200 0.2545
 4201 0.2545
 4202 0.2625
 4203 0.2614
 4204 0.2523
 4205 0.2502
 4206 0.2608
 4207 0.2643
 4208 0.2603
 4209 0.2543
 4210 0.2524
 4211 0.2481
 4212 0.2496
 4213 0.2538
 4214 0.25
 4215 0.2456
 4216 0.2457
 4217 0.2437
 4218 0.2449
 4219 0.2535
 4220 0.2567
 4221 0.2524
 4222 0.2467
 4223 0.2431
 4224 0.2487
 4225 0.2486
 4226 0.2523
 4227 0.2548
 4228 0.2661
 4229 0.2488
 4230 0.256
 4231 0.2497
 4232 0.252
 4233 0.2541
 4234 0.2508
 4235 0.2508
 4236 0.2551
 4237 0.2571
 4238 0.2676
 4239 0.2787
 4240 0.273
 4241 0.2616
 4242 0.262
 4243 0.2527
 4244 0.255
 4245 0.2595
 4246 0.2583
 4247 0.2629
 4248 0.2616
 4249 0.2505
 4250 0.246
 4251 0.2479
 4252 0.2501
 4253 0.2577
 4254 0.2576
 4255 0.2551
 4256 0.2625
 4257 0.2656
 4258 0.2499
 4259 0.2585
 4260 0.2602
 4261 0.2591
 4262 0.2582
 4263 0.2509
 4264 0.2459
 4265 0.2517
 4266 0.2571
 4267 0.2486
 4268 0.2454
 4269 0.2541
 4270 0.2546
 4271 0.2556
 4272 0.2597
 4273 0.255
 4274 0.254
 4275 0.2683
 4276 0.2586
 4277 0.2489
 4278 0.2549
 4279 0.251
 4280 0.2537
 4281 0.2594
 4282 0.2552
 4283 0.2538
 4284 0.2558
 4285 0.2576
 4286 0.2449
 4287 0.2471
 4288 0.2436
 4289 0.2433
 4290 0.253
 4291 0.2539
 4292 0.2469
 4293 0.2519
 4294 0.2548
 4295 0.2644
 4296 0.2587
 4297 0.2624
 4298 0.2598
 4299 0.2599
 4300 0.2555
 4301 0.2623
 4302 0.2514
 4303 0.2644
 4304 0.2583
 4305 0.2672
 4306 0.2584
 4307 0.2545
 4308 0.2623
 4309 0.2677
 4310 0.2692
 4311 0.2638
 4312 0.2586
 4313 0.2556
 4314 0.2511
 4315 0.2515
 4316 0.2494
 4317 0.2596
 4318 0.2623
 4319 0.2628
 4320 0.2654
 4321 0.2639
 4322 0.2594
 4323 0.262
 4324 0.2584
 4325 0.2508
 4326 0.2489
 4327 0.2444
 4328 0.248
 4329 0.2509
 4330 0.2483
 4331 0.2591
 4332 0.2628
 4333 0.267
 4334 0.2543
 4335 0.2522
 4336 0.2472
 4337 0.2488
 4338 0.253
 4339 0.2601
 4340 0.2654
 4341 0.2628
 4342 0.2549
 4343 0.2565
 4344 0.2496
 4345 0.2459
 4346 0.247
 4347 0.2503
 4348 0.2443
 4349 0.2389
 4350 0.2381
 4351 0.2588
 4352 0.2571
 4353 0.265
 4354 0.2647
 4355 0.2677
 4356 0.2663
 4357 0.2675
 4358 0.2593
 4359 0.2574
 4360 0.2558
 4361 0.2555
 4362 0.2523
 4363 0.2516
 4364 0.2514
 4365 0.2504
 4366 0.2506
 4367 0.2489
 4368 0.2469
 4369 0.2472
 4370 0.2476
 4371 0.2495
 4372 0.2548
 4373 0.2591
 4374 0.2589
 4375 0.2641
 4376 0.2626
 4377 0.2559
 4378 0.2558
 4379 0.2556
 4380 0.2566
 4381 0.2556
 4382 0.2489
 4383 0.2583
 4384 0.2547
 4385 0.2541
 4386 0.2648
 4387 0.2562
 4388 0.2607
 4389 0.2456
 4390 0.246
 4391 0.2522
 4392 0.2569
 4393 0.2606
 4394 0.2482
 4395 0.2424
 4396 0.2522
 4397 0.2563
 4398 0.2597
 4399 0.2568
 4400 0.2497
 4401 0.2534
 4402 0.252
 4403 0.2466
 4404 0.2492
 4405 0.2466
 4406 0.2471
 4407 0.2499
 4408 0.2507
 4409 0.2474
 4410 0.2552
 4411 0.245
 4412 0.2497
 4413 0.2494
 4414 0.2478
 4415 0.2541
 4416 0.253
 4417 0.2498
 4418 0.2481
 4419 0.2425
 4420 0.2435
 4421 0.2387
 4422 0.2399
 4423 0.2447
 4424 0.2519
 4425 0.2485
 4426 0.2502
 4427 0.2444
 4428 0.2484
 4429 0.251
 4430 0.2559
 4431 0.2502
 4432 0.2552
 4433 0.2553
 4434 0.2583
 4435 0.2504
 4436 0.252
 4437 0.2606
 4438 0.2599
 4439 0.2591
 4440 0.2624
 4441 0.2528
 4442 0.2564
 4443 0.2497
 4444 0.2532
 4445 0.2509
 4446 0.253
 4447 0.2581
 4448 0.2596
 4449 0.2622
 4450 0.251
 4451 0.2586
 4452 0.2506
 4453 0.2516
 4454 0.2459
 4455 0.2536
 4456 0.2522
 4457 0.2509
 4458 0.2448
 4459 0.2379
 4460 0.2415
 4461 0.2424
 4462 0.2454
 4463 0.2548
 4464 0.2545
 4465 0.2599
 4466 0.2597
 4467 0.263
 4468 0.2709
 4469 0.2618
 4470 0.2629
 4471 0.2638
 4472 0.2563
 4473 0.2582
 4474 0.2508
 4475 0.2511
 4476 0.2503
 4477 0.2448
 4478 0.2419
 4479 0.2534
 4480 0.2534
 4481 0.2526
 4482 0.2663
 4483 0.2647
 4484 0.2617
 4485 0.2702
 4486 0.2572
 4487 0.2543
 4488 0.2562
 4489 0.2472
 4490 0.2485
 4491 0.2492
 4492 0.2604
 4493 0.2581
 4494 0.2548
 4495 0.2565
 4496 0.2564
 4497 0.2556
 4498 0.2694
 4499 0.2692
 4500 0.2643
 4501 0.2666
 4502 0.2731
 4503 0.267
 4504 0.2724
 4505 0.2677
 4506 0.2528
 4507 0.2515
 4508 0.2445
 4509 0.2497
 4510 0.2552
 4511 0.2555
 4512 0.2564
 4513 0.2671
 4514 0.2632
 4515 0.2674
 4516 0.2603
 4517 0.2562
 4518 0.268
 4519 0.2693
 4520 0.2794
 4521 0.2645
 4522 0.2574
 4523 0.2569
 4524 0.2526
 4525 0.251
 4526 0.2497
 4527 0.2549
 4528 0.2539
 4529 0.253
 4530 0.2565
 4531 0.2528
 4532 0.2531
 4533 0.2525
 4534 0.2473
 4535 0.2541
 4536 0.2537
 4537 0.2574
 4538 0.262
 4539 0.2606
 4540 0.2612
 4541 0.2596
 4542 0.2617
 4543 0.2592
 4544 0.252
 4545 0.2369
 4546 0.255
 4547 0.2605
 4548 0.2597
 4549 0.2604
 4550 0.2627
 4551 0.2638
 4552 0.2589
 4553 0.2627
 4554 0.2555
 4555 0.2584
 4556 0.2621
 4557 0.2691
 4558 0.2625
 4559 0.2622
 4560 0.2651
 4561 0.2602
 4562 0.255
 4563 0.2606
 4564 0.257
 4565 0.2512
 4566 0.2511
 4567 0.2512
 4568 0.247
 4569 0.2479
 4570 0.2545
 4571 0.2571
 4572 0.2595
 4573 0.2559
 4574 0.2591
 4575 0.2607
 4576 0.2536
 4577 0.2469
 4578 0.2457
 4579 0.2512
 4580 0.2513
 4581 0.2488
 4582 0.2495
 4583 0.2501
 4584 0.2561
 4585 0.2544
 4586 0.2582
 4587 0.2657
 4588 0.2714
 4589 0.2672
 4590 0.2666
 4591 0.2612
 4592 0.2533
 4593 0.2508
 4594 0.2501
 4595 0.2479
 4596 0.2563
 4597 0.258
 4598 0.2612
 4599 0.2618
 4600 0.2539
 4601 0.2498
 4602 0.2565
 4603 0.2558
 4604 0.2639
 4605 0.2695
 4606 0.2628
 4607 0.2656
 4608 0.2569
 4609 0.255
 4610 0.2588
 4611 0.2501
 4612 0.2502
 4613 0.2631
 4614 0.2641
 4615 0.2657
 4616 0.2615
 4617 0.2474
 4618 0.2447
 4619 0.2494
 4620 0.2526
 4621 0.253
 4622 0.2533
 4623 0.2547
 4624 0.2549
 4625 0.2594
 4626 0.2608
 4627 0.261
 4628 0.2654
 4629 0.2677
 4630 0.2645
 4631 0.2588
 4632 0.2631
 4633 0.2579
 4634 0.2527
 4635 0.2512
 4636 0.2555
 4637 0.2594
 4638 0.2601
 4639 0.2529
 4640 0.2569
 4641 0.2583
 4642 0.2551
 4643 0.2566
 4644 0.2608
 4645 0.2526
 4646 0.2575
 4647 0.2522
 4648 0.2547
 4649 0.2542
 4650 0.2564
 4651 0.2493
 4652 0.2539
 4653 0.2602
 4654 0.2531
 4655 0.2673
 4656 0.2667
 4657 0.2645
 4658 0.2686
 4659 0.2619
 4660 0.267
 4661 0.2631
 4662 0.2583
 4663 0.2524
 4664 0.2559
 4665 0.2517
 4666 0.2569
 4667 0.26
 4668 0.2564
 4669 0.2609
 4670 0.2648
 4671 0.2634
 4672 0.2633
 4673 0.2581
 4674 0.2523
 4675 0.2588
 4676 0.2632
 4677 0.2571
 4678 0.249
 4679 0.2507
 4680 0.26
 4681 0.2551
 4682 0.2529
 4683 0.2524
 4684 0.2449
 4685 0.2575
 4686 0.258
 4687 0.2442
 4688 0.253
 4689 0.2623
 4690 0.2668
 4691 0.2589
 4692 0.2561
 4693 0.2563
 4694 0.2465
 4695 0.251
 4696 0.2509
 4697 0.2465
 4698 0.2496
 4699 0.2455
 4700 0.2476
 4701 0.247
 4702 0.2569
 4703 0.2555
 4704 0.2639
 4705 0.2707
 4706 0.2777
 4707 0.2787
 4708 0.2646
 4709 0.262
 4710 0.2626
 4711 0.253
 4712 0.2539
 4713 0.2511
 4714 0.2514
 4715 0.2479
 4716 0.2494
 4717 0.2535
 4718 0.2607
 4719 0.2716
 4720 0.2584
 4721 0.2481
 4722 0.2571
 4723 0.2659
 4724 0.2708
 4725 0.2735
 4726 0.2601
 4727 0.2573
 4728 0.2588
 4729 0.2525
 4730 0.2565
 4731 0.2663
 4732 0.2659
 4733 0.2605
 4734 0.2629
 4735 0.2572
 4736 0.2497
 4737 0.254
 4738 0.2564
 4739 0.2539
 4740 0.2485
 4741 0.2502
 4742 0.2511
 4743 0.2496
 4744 0.2517
 4745 0.2566
 4746 0.2538
 4747 0.2529
 4748 0.2539
 4749 0.2544
 4750 0.2565
 4751 0.2505
 4752 0.2554
 4753 0.2555
 4754 0.2634
 4755 0.2598
 4756 0.2655
 4757 0.2598
 4758 0.2573
 4759 0.2545
 4760 0.248
 4761 0.2534
 4762 0.2537
 4763 0.2514
 4764 0.25
 4765 0.2511
 4766 0.2492
 4767 0.2484
 4768 0.2561
 4769 0.2532
 4770 0.2477
 4771 0.2427
 4772 0.2455
 4773 0.2535
 4774 0.259
 4775 0.2596
 4776 0.2625
 4777 0.2562
 4778 0.2583
 4779 0.2529
 4780 0.2588
 4781 0.2633
 4782 0.257
 4783 0.2551
 4784 0.2534
 4785 0.249
 4786 0.2563
 4787 0.2599
 4788 0.2607
 4789 0.2617
 4790 0.2513
 4791 0.241
 4792 0.2391
 4793 0.2374
 4794 0.2364
 4795 0.2499
 4796 0.2598
 4797 0.2674
 4798 0.2576
 4799 0.2602
 4800 0.2561
 4801 0.2558
 4802 0.2642
 4803 0.2664
 4804 0.2566
 4805 0.245
 4806 0.256
 4807 0.2575
 4808 0.2543
 4809 0.25
 4810 0.2584
 4811 0.2564
 4812 0.2537
 4813 0.2457
 4814 0.2431
 4815 0.2514
 4816 0.2547
 4817 0.2555
 4818 0.2538
 4819 0.2586
 4820 0.2589
 4821 0.2606
 4822 0.2598
 4823 0.2562
 4824 0.258
 4825 0.2526
 4826 0.2541
 4827 0.2523
 4828 0.2525
 4829 0.254
 4830 0.2434
 4831 0.2529
 4832 0.2553
 4833 0.259
 4834 0.2642
 4835 0.271
 4836 0.2644
 4837 0.2598
 4838 0.2579
 4839 0.2626
 4840 0.2582
 4841 0.26
 4842 0.2594
 4843 0.2586
 4844 0.2588
 4845 0.2567
 4846 0.2581
 4847 0.2554
 4848 0.2539
 4849 0.2508
 4850 0.2549
 4851 0.2511
 4852 0.2545
 4853 0.2517
 4854 0.2518
 4855 0.2521
 4856 0.2593
 4857 0.2599
 4858 0.2547
 4859 0.2506
 4860 0.2527
 4861 0.2476
 4862 0.2451
 4863 0.2371
 4864 0.2497
 4865 0.2536
 4866 0.2492
 4867 0.2544
 4868 0.258
 4869 0.2488
 4870 0.2451
 4871 0.2495
 4872 0.2497
 4873 0.259
 4874 0.2602
 4875 0.2624
 4876 0.2529
 4877 0.2532
 4878 0.2571
 4879 0.2546
 4880 0.2639
 4881 0.2672
 4882 0.2681
 4883 0.2561
 4884 0.2674
 4885 0.2556
 4886 0.2618
 4887 0.2597
 4888 0.2523
 4889 0.2532
 4890 0.2624
 4891 0.2489
 4892 0.247
 4893 0.248
 4894 0.2524
 4895 0.2585
 4896 0.2522
 4897 0.2584
 4898 0.2695
 4899 0.2676
 4900 0.2596
 4901 0.2558
 4902 0.2604
 4903 0.2553
 4904 0.2531
 4905 0.2554
 4906 0.255
 4907 0.2599
 4908 0.258
 4909 0.2552
 4910 0.2578
 4911 0.2528
 4912 0.2593
 4913 0.2556
 4914 0.2667
 4915 0.2528
 4916 0.2591
 4917 0.2583
 4918 0.2582
 4919 0.2586
 4920 0.2646
 4921 0.264
 4922 0.2621
 4923 0.262
 4924 0.2582
 4925 0.2596
 4926 0.2489
 4927 0.2545
 4928 0.2597
 4929 0.2542
 4930 0.2535
 4931 0.2577
 4932 0.2543
 4933 0.2559
 4934 0.2502
 4935 0.2469
 4936 0.2543
 4937 0.2519
 4938 0.2507
 4939 0.2486
 4940 0.2553
 4941 0.2624
 4942 0.2561
 4943 0.2457
 4944 0.2525
 4945 0.2466
 4946 0.2416
 4947 0.2402
 4948 0.2398
 4949 0.2382
 4950 0.244
 4951 0.2346
 4952 0.2436
 4953 0.2496
 4954 0.253
 4955 0.2596
 4956 0.2628
 4957 0.2656
 4958 0.2638
 4959 0.2563
 4960 0.2571
 4961 0.2555
 4962 0.2613
 4963 0.2562
 4964 0.2617
 4965 0.2629
 4966 0.2634
 4967 0.2571
 4968 0.2562
 4969 0.2501
 4970 0.2545
 4971 0.2633
 4972 0.2672
 4973 0.2596
 4974 0.2552
 4975 0.2636
 4976 0.2701
 4977 0.2647
 4978 0.2575
 4979 0.262
 4980 0.2451
 4981 0.2443
 4982 0.2473
 4983 0.2437
 4984 0.2443
 4985 0.2477
 4986 0.2539
 4987 0.2536
 4988 0.2537
 4989 0.255
 4990 0.2581
 4991 0.2579
 4992 0.2612
 4993 0.2609
 4994 0.2584
 4995 0.2531
 4996 0.2533
 4997 0.2604
 4998 0.2516
 4999 0.2455
 5000 0.2523
 5001 0.256
 5002 0.2477
 5003 0.2503
 5004 0.2431
 5005 0.2426
 5006 0.2458
 5007 0.2495
 5008 0.2551
 5009 0.2566
 5010 0.2607
 5011 0.2669
 5012 0.2673
 5013 0.2674
 5014 0.2629
 5015 0.2563
 5016 0.2477
 5017 0.248
 5018 0.243
 5019 0.2374
 5020 0.2452
 5021 0.2491
 5022 0.2549
 5023 0.2513
 5024 0.2501
 5025 0.2468
 5026 0.2509
 5027 0.2512
 5028 0.2433
 5029 0.2432
 5030 0.2507
 5031 0.2608
 5032 0.2478
 5033 0.2446
 5034 0.2576
 5035 0.257
 5036 0.2536
 5037 0.2569
 5038 0.2506
 5039 0.2501
 5040 0.2557
 5041 0.2522
 5042 0.257
 5043 0.2528
 5044 0.2541
 5045 0.2607
 5046 0.2561
 5047 0.2543
 5048 0.2577
 5049 0.2458
 5050 0.2538
 5051 0.2613
 5052 0.2583
 5053 0.2669
 5054 0.2646
 5055 0.2706
 5056 0.2766
 5057 0.266
 5058 0.2636
 5059 0.249
 5060 0.2431
 5061 0.2547
 5062 0.2506
 5063 0.2495
 5064 0.2549
 5065 0.2527
 5066 0.2527
 5067 0.254
 5068 0.2623
 5069 0.2606
 5070 0.267
 5071 0.2623
 5072 0.2522
 5073 0.2511
 5074 0.2539
 5075 0.2499
 5076 0.2426
 5077 0.2448
 5078 0.2532
 5079 0.2552
 5080 0.2577
 5081 0.2558
 5082 0.2639
 5083 0.2598
 5084 0.2562
 5085 0.2486
 5086 0.2518
 5087 0.2519
 5088 0.2515
 5089 0.2485
 5090 0.2515
 5091 0.2567
 5092 0.2584
 5093 0.2519
 5094 0.2532
 5095 0.2537
 5096 0.2597
 5097 0.2546
 5098 0.2585
 5099 0.2541
 5100 0.2597
 5101 0.2646
 5102 0.2532
 5103 0.2492
 5104 0.2458
 5105 0.258
 5106 0.256
 5107 0.2539
 5108 0.2515
 5109 0.2454
 5110 0.2541
 5111 0.2511
 5112 0.2494
 5113 0.2474
 5114 0.2475
 5115 0.2502
 5116 0.2543
 5117 0.2551
 5118 0.2519
 5119 0.2502
 5120 0.253
 5121 0.2516
 5122 0.2526
 5123 0.255
 5124 0.2481
 5125 0.2451
 5126 0.2497
 5127 0.2441
 5128 0.2509
 5129 0.2496
 5130 0.2655
 5131 0.2603
 5132 0.2504
 5133 0.2515
 5134 0.2494
 5135 0.2552
 5136 0.2596
 5137 0.2524
 5138 0.2529
 5139 0.2498
 5140 0.2546
 5141 0.2634
 5142 0.251
 5143 0.247
 5144 0.2447
 5145 0.2385
 5146 0.236
 5147 0.2433
 5148 0.2505
 5149 0.2479
 5150 0.2598
 5151 0.2537
 5152 0.2621
 5153 0.2584
 5154 0.2514
 5155 0.2523
 5156 0.2629
 5157 0.2719
 5158 0.2681
 5159 0.2696
 5160 0.2634
 5161 0.2581
 5162 0.2621
 5163 0.253
 5164 0.2475
 5165 0.2518
 5166 0.2555
 5167 0.2517
 5168 0.2525
 5169 0.2604
 5170 0.2568
 5171 0.2613
 5172 0.2566
 5173 0.2531
 5174 0.2633
 5175 0.2544
 5176 0.2567
 5177 0.2597
 5178 0.2571
 5179 0.254
 5180 0.2513
 5181 0.2495
 5182 0.251
 5183 0.246
 5184 0.2457
 5185 0.2501
 5186 0.2531
 5187 0.2539
 5188 0.2536
 5189 0.2569
 5190 0.2531
 5191 0.2529
 5192 0.2601
 5193 0.2593
 5194 0.2584
 5195 0.2556
 5196 0.2516
 5197 0.2542
 5198 0.2598
 5199 0.2526
 5200 0.2548
 5201 0.256
 5202 0.2572
 5203 0.2535
 5204 0.2529
 5205 0.2551
 5206 0.2592
 5207 0.2597
 5208 0.2626
 5209 0.2633
 5210 0.263
 5211 0.2585
 5212 0.2623
 5213 0.2586
 5214 0.2579
 5215 0.2528
 5216 0.2422
 5217 0.2475
 5218 0.2587
 5219 0.2542
 5220 0.2525
 5221 0.2597
 5222 0.2618
 5223 0.2571
 5224 0.2537
 5225 0.2522
 5226 0.2594
 5227 0.2492
 5228 0.2439
 5229 0.2393
 5230 0.236
 5231 0.2509
 5232 0.2508
 5233 0.2503
 5234 0.2611
 5235 0.256
 5236 0.2541
 5237 0.257
 5238 0.2514
 5239 0.2543
 5240 0.2593
 5241 0.2609
 5242 0.257
 5243 0.252
 5244 0.2485
 5245 0.2479
 5246 0.2546
 5247 0.249
 5248 0.2574
 5249 0.257
 5250 0.2491
 5251 0.2499
 5252 0.2644
 5253 0.2516
 5254 0.2577
 5255 0.2586
 5256 0.2628
 5257 0.2538
 5258 0.2541
 5259 0.258
 5260 0.2699
 5261 0.2598
 5262 0.2538
 5263 0.2518
 5264 0.258
 5265 0.2528
 5266 0.2585
 5267 0.2602
 5268 0.2571
 5269 0.2518
 5270 0.2599
 5271 0.2521
 5272 0.252
 5273 0.2439
 5274 0.2449
 5275 0.2496
 5276 0.2529
 5277 0.2483
 5278 0.2464
 5279 0.248
 5280 0.2457
 5281 0.2527
 5282 0.2555
 5283 0.2556
 5284 0.2595
 5285 0.2595
 5286 0.2556
 5287 0.2555
 5288 0.2572
 5289 0.2566
 5290 0.2592
 5291 0.2556
 5292 0.2573
 5293 0.249
 5294 0.2482
 5295 0.2479
 5296 0.2481
 5297 0.2516
 5298 0.2516
 5299 0.2542
 5300 0.2463
 5301 0.2571
 5302 0.2533
 5303 0.253
 5304 0.2589
 5305 0.2596
 5306 0.2616
 5307 0.2586
 5308 0.2506
 5309 0.2487
 5310 0.2657
 5311 0.2584
 5312 0.2519
 5313 0.2451
 5314 0.247
 5315 0.2567
 5316 0.2582
 5317 0.259
 5318 0.2584
 5319 0.2516
 5320 0.2583
 5321 0.2573
 5322 0.2603
 5323 0.2633
 5324 0.2621
 5325 0.2634
 5326 0.2537
 5327 0.2503
 5328 0.2396
 5329 0.2567
 5330 0.2643
 5331 0.2607
 5332 0.2571
 5333 0.2601
 5334 0.2589
 5335 0.2621
 5336 0.2487
 5337 0.2471
 5338 0.2461
 5339 0.2504
 5340 0.2534
 5341 0.2608
 5342 0.271
 5343 0.2621
 5344 0.2596
 5345 0.2624
 5346 0.265
 5347 0.2705
 5348 0.2739
 5349 0.2665
 5350 0.2583
 5351 0.2657
 5352 0.2632
 5353 0.2582
 5354 0.2666
 5355 0.2672
 5356 0.2613
 5357 0.2577
 5358 0.2528
 5359 0.245
 5360 0.2461
 5361 0.2449
 5362 0.2465
 5363 0.2519
 5364 0.2571
 5365 0.2553
 5366 0.2526
 5367 0.2569
 5368 0.2654
 5369 0.2599
 5370 0.2605
 5371 0.2599
 5372 0.2561
 5373 0.2556
 5374 0.2571
 5375 0.2499
 5376 0.2502
 5377 0.256
 5378 0.2581
 5379 0.2626
 5380 0.2714
 5381 0.265
 5382 0.2631
 5383 0.2517
 5384 0.2441
 5385 0.251
 5386 0.2612
 5387 0.2577
 5388 0.2511
 5389 0.2525
 5390 0.2425
 5391 0.251
 5392 0.2574
 5393 0.2576
 5394 0.259
 5395 0.2525
 5396 0.2509
 5397 0.2529
 5398 0.2603
 5399 0.2563
 5400 0.2536
 5401 0.2603
 5402 0.2583
 5403 0.2454
 5404 0.2458
 5405 0.239
 5406 0.2398
 5407 0.2434
 5408 0.2475
 5409 0.2533
 5410 0.2497
 5411 0.2549
 5412 0.2525
 5413 0.2536
 5414 0.2521
 5415 0.261
 5416 0.2614
 5417 0.2586
 5418 0.26
 5419 0.2691
 5420 0.2606
 5421 0.259
 5422 0.2498
 5423 0.2506
 5424 0.2407
 5425 0.245
 5426 0.2488
 5427 0.2555
 5428 0.2574
 5429 0.2533
 5430 0.2596
 5431 0.2534
 5432 0.263
 5433 0.2623
 5434 0.2577
 5435 0.2583
 5436 0.2576
 5437 0.2552
 5438 0.2523
 5439 0.266
 5440 0.2609
 5441 0.2499
 5442 0.2521
 5443 0.2493
 5444 0.2576
 5445 0.2558
 5446 0.2531
 5447 0.2485
 5448 0.2531
 5449 0.2537
 5450 0.25
 5451 0.248
 5452 0.2509
 5453 0.2493
 5454 0.2527
 5455 0.2471
 5456 0.2539
 5457 0.2585
 5458 0.2569
 5459 0.2685
 5460 0.2637
 5461 0.2615
 5462 0.2667
 5463 0.2557
 5464 0.2463
 5465 0.2472
 5466 0.2514
 5467 0.2601
 5468 0.2548
 5469 0.2572
 5470 0.2563
 5471 0.2487
 5472 0.2465
 5473 0.2465
 5474 0.2504
 5475 0.2566
 5476 0.2604
 5477 0.2597
 5478 0.2555
 5479 0.2584
 5480 0.2522
 5481 0.254
 5482 0.256
 5483 0.2554
 5484 0.2557
 5485 0.2552
 5486 0.2551
 5487 0.2496
 5488 0.2518
 5489 0.2512
 5490 0.2571
 5491 0.2484
 5492 0.2577
 5493 0.2562
 5494 0.2597
 5495 0.2687
 5496 0.2661
 5497 0.2621
 5498 0.2594
 5499 0.2548
 5500 0.2514
 5501 0.25
 5502 0.255
 5503 0.2542
 5504 0.2686
 5505 0.2642
 5506 0.2563
 5507 0.2576
 5508 0.2511
 5509 0.2481
 5510 0.2544
 5511 0.2499
 5512 0.2408
 5513 0.2368
 5514 0.2429
 5515 0.2488
 5516 0.2474
 5517 0.2539
 5518 0.2601
 5519 0.254
 5520 0.2493
 5521 0.26
 5522 0.2615
 5523 0.2659
 5524 0.2544
 5525 0.2542
 5526 0.2573
 5527 0.259
 5528 0.2629
 5529 0.2539
 5530 0.2629
 5531 0.2548
 5532 0.2484
 5533 0.2499
 5534 0.2485
 5535 0.2484
 5536 0.2487
 5537 0.2483
 5538 0.254
 5539 0.2528
 5540 0.2539
 5541 0.2453
 5542 0.2457
 5543 0.2538
 5544 0.2534
 5545 0.2555
 5546 0.2568
 5547 0.2593
 5548 0.2606
 5549 0.2599
 5550 0.2567
 5551 0.2644
 5552 0.2648
 5553 0.2571
 5554 0.2536
 5555 0.2551
 5556 0.25
 5557 0.2534
 5558 0.2576
 5559 0.2532
 5560 0.2405
 5561 0.2447
 5562 0.2423
 5563 0.2444
 5564 0.2486
 5565 0.2494
 5566 0.2517
 5567 0.2576
 5568 0.2578
 5569 0.259
 5570 0.2628
 5571 0.254
 5572 0.2563
 5573 0.2585
 5574 0.2609
 5575 0.248
 5576 0.2485
 5577 0.2458
 5578 0.2526
 5579 0.2554
 5580 0.2548
 5581 0.2623
 5582 0.2579
 5583 0.2553
 5584 0.2478
 5585 0.2422
 5586 0.2536
 5587 0.2479
 5588 0.2443
 5589 0.2444
 5590 0.2504
 5591 0.2477
 5592 0.2575
 5593 0.2552
 5594 0.2569
 5595 0.2488
 5596 0.2431
 5597 0.2476
 5598 0.2466
 5599 0.243
 5600 0.2383
 5601 0.2429
 5602 0.2527
 5603 0.2513
 5604 0.2523
 5605 0.2525
 5606 0.2558
 5607 0.2617
 5608 0.2574
 5609 0.2594
 5610 0.2599
 5611 0.2559
 5612 0.2655
 5613 0.2562
 5614 0.2605
 5615 0.2644
 5616 0.267
 5617 0.2697
 5618 0.2689
 5619 0.2694
 5620 0.2676
 5621 0.2576
 5622 0.2578
 5623 0.2666
 5624 0.2652
 5625 0.2537
 5626 0.2485
 5627 0.2504
 5628 0.2606
 5629 0.2589
 5630 0.2506
 5631 0.2501
 5632 0.2501
 5633 0.2543
 5634 0.2531
 5635 0.256
 5636 0.2506
 5637 0.2496
 5638 0.2595
 5639 0.2535
 5640 0.2629
 5641 0.2621
 5642 0.2541
 5643 0.2611
 5644 0.2592
 5645 0.2513
 5646 0.2554
 5647 0.2471
 5648 0.2423
 5649 0.2497
 5650 0.2563
 5651 0.2485
 5652 0.2525
 5653 0.2543
 5654 0.2558
 5655 0.2507
 5656 0.2521
 5657 0.2504
 5658 0.247
 5659 0.2496
 5660 0.2453
 5661 0.2495
 5662 0.2508
 5663 0.2628
 5664 0.2697
 5665 0.2607
 5666 0.2522
 5667 0.2571
 5668 0.2555
 5669 0.2559
 5670 0.2708
 5671 0.2689
 5672 0.2656
 5673 0.2624
 5674 0.259
 5675 0.2622
 5676 0.2626
 5677 0.26
 5678 0.2535
 5679 0.2466
 5680 0.247
 5681 0.2551
 5682 0.2543
 5683 0.256
 5684 0.2625
 5685 0.2521
 5686 0.2566
 5687 0.2551
 5688 0.2551
 5689 0.2504
 5690 0.2561
 5691 0.2617
 5692 0.2684
 5693 0.2734
 5694 0.273
 5695 0.265
 5696 0.2666
 5697 0.2656
 5698 0.2578
 5699 0.2592
 5700 0.2607
 5701 0.256
 5702 0.2599
 5703 0.2588
 5704 0.2601
 5705 0.2543
 5706 0.2488
 5707 0.25
 5708 0.2436
 5709 0.2488
 5710 0.2506
 5711 0.2558
 5712 0.2599
 5713 0.2528
 5714 0.2502
 5715 0.2593
 5716 0.2637
 5717 0.2579
 5718 0.2511
 5719 0.2478
 5720 0.2529
 5721 0.25
 5722 0.2606
 5723 0.2614
 5724 0.252
 5725 0.2597
 5726 0.2592
 5727 0.261
 5728 0.2602
 5729 0.2672
 5730 0.2605
 5731 0.2587
 5732 0.2468
 5733 0.2544
 5734 0.2537
 5735 0.2541
 5736 0.2477
 5737 0.2484
 5738 0.248
 5739 0.2558
 5740 0.2447
 5741 0.2391
 5742 0.2436
 5743 0.2458
 5744 0.239
 5745 0.2361
 5746 0.2389
 5747 0.2514
 5748 0.2541
 5749 0.2622
 5750 0.2613
 5751 0.2573
 5752 0.2624
 5753 0.2622
 5754 0.252
 5755 0.2559
 5756 0.2574
 5757 0.2555
 5758 0.2517
 5759 0.2433
 5760 0.2452
 5761 0.2422
 5762 0.2378
 5763 0.2399
 5764 0.2478
 5765 0.2488
 5766 0.2505
 5767 0.2483
 5768 0.2516
 5769 0.2545
 5770 0.2579
 5771 0.2529
 5772 0.2546
 5773 0.2595
 5774 0.2533
 5775 0.2519
 5776 0.2444
 5777 0.2538
 5778 0.2617
 5779 0.2588
 5780 0.2641
 5781 0.2573
 5782 0.2532
 5783 0.2568
 5784 0.2545
 5785 0.2494
 5786 0.2573
 5787 0.2617
 5788 0.253
 5789 0.2517
 5790 0.2535
 5791 0.2587
 5792 0.2663
 5793 0.2668
 5794 0.2623
 5795 0.2618
 5796 0.264
 5797 0.2588
 5798 0.2623
 5799 0.2666
 5800 0.2573
 5801 0.271
 5802 0.2635
 5803 0.2643
 5804 0.2675
 5805 0.2658
 5806 0.2622
 5807 0.2647
 5808 0.2702
 5809 0.2623
 5810 0.2569
 5811 0.2509
 5812 0.2474
 5813 0.2515
 5814 0.2573
 5815 0.2547
 5816 0.2629
 5817 0.2614
 5818 0.2563
 5819 0.2592
 5820 0.2529
 5821 0.2578
 5822 0.2565
 5823 0.2523
 5824 0.2521
 5825 0.2599
 5826 0.2604
 5827 0.2616
 5828 0.258
 5829 0.2602
 5830 0.2598
 5831 0.2505
 5832 0.2566
 5833 0.2571
 5834 0.2522
 5835 0.2544
 5836 0.253
 5837 0.2451
 5838 0.2457
 5839 0.2551
 5840 0.2546
 5841 0.2513
 5842 0.2519
 5843 0.2557
 5844 0.2523
 5845 0.2539
 5846 0.2555
 5847 0.2623
 5848 0.2553
 5849 0.2525
 5850 0.259
 5851 0.253
 5852 0.2569
 5853 0.2557
 5854 0.2567
 5855 0.2594
 5856 0.269
 5857 0.2685
 5858 0.2651
 5859 0.2548
 5860 0.2447
 5861 0.2581
 5862 0.2518
 5863 0.2534
 5864 0.2547
 5865 0.2563
 5866 0.2615
 5867 0.2542
 5868 0.2521
 5869 0.2452
 5870 0.2468
 5871 0.2505
 5872 0.2503
 5873 0.2487
 5874 0.2488
 5875 0.2571
 5876 0.2505
 5877 0.2482
 5878 0.249
 5879 0.2537
 5880 0.2489
 5881 0.2515
 5882 0.2579
 5883 0.2565
 5884 0.2583
 5885 0.2654
 5886 0.2604
 5887 0.257
 5888 0.2525
 5889 0.2577
 5890 0.2551
 5891 0.2527
 5892 0.247
 5893 0.2458
 5894 0.2457
 5895 0.2345
 5896 0.2437
 5897 0.2475
 5898 0.2592
 5899 0.2518
 5900 0.2518
 5901 0.2601
 5902 0.2615
 5903 0.2507
 5904 0.2524
 5905 0.2593
 5906 0.2614
 5907 0.259
 5908 0.2522
 5909 0.2553
 5910 0.2543
 5911 0.2484
 5912 0.25
 5913 0.2554
 5914 0.2562
 5915 0.2695
 5916 0.2645
 5917 0.265
 5918 0.2624
 5919 0.2517
 5920 0.2499
 5921 0.2532
 5922 0.2516
 5923 0.2473
 5924 0.2518
 5925 0.2491
 5926 0.2554
 5927 0.2622
 5928 0.2568
 5929 0.2493
 5930 0.2576
 5931 0.2589
 5932 0.2516
 5933 0.2458
 5934 0.2457
 5935 0.2457
 5936 0.2437
 5937 0.2446
 5938 0.2523
 5939 0.2576
 5940 0.2569
 5941 0.2534
 5942 0.262
 5943 0.2564
 5944 0.2542
 5945 0.2553
 5946 0.253
 5947 0.2566
 5948 0.2672
 5949 0.2648
 5950 0.2666
 5951 0.2684
 5952 0.2676
 5953 0.2673
 5954 0.2578
 5955 0.2607
 5956 0.2634
 5957 0.2682
 5958 0.2683
 5959 0.2642
 5960 0.2564
 5961 0.2529
 5962 0.2505
 5963 0.2561
 5964 0.2575
 5965 0.2593
 5966 0.2567
 5967 0.2631
 5968 0.2669
 5969 0.265
 5970 0.2506
 5971 0.2515
 5972 0.2501
 5973 0.2466
 5974 0.2445
 5975 0.2499
 5976 0.2564
 5977 0.2524
 5978 0.2538
 5979 0.2582
 5980 0.2572
 5981 0.2571
 5982 0.2568
 5983 0.2643
 5984 0.2524
 5985 0.2478
 5986 0.2544
 5987 0.2526
 5988 0.2532
 5989 0.2536
 5990 0.2573
 5991 0.2612
 5992 0.27
 5993 0.2748
 5994 0.2664
 5995 0.2583
 5996 0.2586
 5997 0.2619
 5998 0.2556
 5999 0.2629
 6000 0.256
