 0 0.3352
 1 0.2668
 2 0.2435
 3 0.2403
 4 0.2417
 5 0.2382
 6 0.242
 7 0.2362
 8 0.2453
 9 0.242
 10 0.24
 11 0.2461
 12 0.2524
 13 0.2518
 14 0.2553
 15 0.2605
 16 0.2605
 17 0.2544
 18 0.2553
 19 0.2539
 20 0.2481
 21 0.2543
 22 0.2561
 23 0.2574
 24 0.2551
 25 0.2571
 26 0.2569
 27 0.262
 28 0.2609
 29 0.2562
 30 0.2551
 31 0.2641
 32 0.2717
 33 0.2659
 34 0.2725
 35 0.2695
 36 0.2597
 37 0.2579
 38 0.2583
 39 0.2549
 40 0.2552
 41 0.2509
 42 0.2489
 43 0.2515
 44 0.2484
 45 0.2437
 46 0.2465
 47 0.2459
 48 0.2514
 49 0.2565
 50 0.2553
 51 0.2624
 52 0.2622
 53 0.2553
 54 0.256
 55 0.2415
 56 0.24
 57 0.2353
 58 0.2491
 59 0.2547
 60 0.2547
 61 0.2505
 62 0.2565
 63 0.2493
 64 0.2488
 65 0.2577
 66 0.2534
 67 0.2534
 68 0.2529
 69 0.2529
 70 0.2547
 71 0.2514
 72 0.259
 73 0.2621
 74 0.2568
 75 0.2588
 76 0.2577
 77 0.2584
 78 0.2495
 79 0.251
 80 0.2477
 81 0.249
 82 0.248
 83 0.2442
 84 0.2492
 85 0.2613
 86 0.2581
 87 0.2604
 88 0.2591
 89 0.2538
 90 0.2591
 91 0.2566
 92 0.2537
 93 0.2505
 94 0.2489
 95 0.2509
 96 0.251
 97 0.2512
 98 0.2539
 99 0.2614
 100 0.2656
 101 0.2637
 102 0.2656
 103 0.2616
 104 0.2659
 105 0.2603
 106 0.2601
 107 0.262
 108 0.256
 109 0.2612
 110 0.261
 111 0.2615
 112 0.2559
 113 0.2482
 114 0.2595
 115 0.2536
 116 0.2554
 117 0.2648
 118 0.265
 119 0.2594
 120 0.2557
 121 0.2495
 122 0.2549
 123 0.26
 124 0.2556
 125 0.2574
 126 0.2522
 127 0.256
 128 0.2686
 129 0.2601
 130 0.2588
 131 0.2596
 132 0.2562
 133 0.2573
 134 0.2682
 135 0.2584
 136 0.2534
 137 0.2522
 138 0.2495
 139 0.2551
 140 0.2561
 141 0.2529
 142 0.2554
 143 0.2612
 144 0.2576
 145 0.2601
 146 0.2573
 147 0.2525
 148 0.2565
 149 0.2557
 150 0.2579
 151 0.2567
 152 0.2527
 153 0.248
 154 0.2512
 155 0.2537
 156 0.2496
 157 0.2515
 158 0.2584
 159 0.2564
 160 0.2531
 161 0.2562
 162 0.2603
 163 0.2644
 164 0.2605
 165 0.2645
 166 0.2649
 167 0.2555
 168 0.2612
 169 0.2552
 170 0.2568
 171 0.2541
 172 0.2508
 173 0.2509
 174 0.247
 175 0.2462
 176 0.2515
 177 0.2498
 178 0.2578
 179 0.2606
 180 0.256
 181 0.2548
 182 0.2588
 183 0.258
 184 0.2646
 185 0.2664
 186 0.2664
 187 0.265
 188 0.2583
 189 0.2604
 190 0.2645
 191 0.2638
 192 0.2704
 193 0.259
 194 0.259
 195 0.261
 196 0.263
 197 0.263
 198 0.253
 199 0.2587
 200 0.2644
 201 0.2634
 202 0.2593
 203 0.2609
 204 0.2641
 205 0.268
 206 0.2596
 207 0.2476
 208 0.2529
 209 0.2541
 210 0.2566
 211 0.2523
 212 0.2567
 213 0.2541
 214 0.2543
 215 0.2621
 216 0.2567
 217 0.2592
 218 0.2514
 219 0.2624
 220 0.256
 221 0.2623
 222 0.2598
 223 0.2666
 224 0.264
 225 0.264
 226 0.2635
 227 0.2564
 228 0.2628
 229 0.2679
 230 0.2657
 231 0.2642
 232 0.2629
 233 0.2556
 234 0.2526
 235 0.2606
 236 0.2608
 237 0.2594
 238 0.2551
 239 0.2546
 240 0.2522
 241 0.2583
 242 0.2582
 243 0.255
 244 0.2593
 245 0.2617
 246 0.254
 247 0.2467
 248 0.2591
 249 0.2568
 250 0.2503
 251 0.2517
 252 0.2465
 253 0.2474
 254 0.2539
 255 0.2622
 256 0.2615
 257 0.2667
 258 0.2592
 259 0.2631
 260 0.2648
 261 0.2618
 262 0.2564
 263 0.259
 264 0.2628
 265 0.251
 266 0.2523
 267 0.2518
 268 0.2546
 269 0.2591
 270 0.2526
 271 0.2523
 272 0.2448
 273 0.2406
 274 0.2411
 275 0.2443
 276 0.2495
 277 0.2531
 278 0.2519
 279 0.2552
 280 0.2541
 281 0.2478
 282 0.2528
 283 0.2606
 284 0.2574
 285 0.2575
 286 0.2555
 287 0.2484
 288 0.2462
 289 0.2473
 290 0.2493
 291 0.251
 292 0.2513
 293 0.2427
 294 0.2408
 295 0.2484
 296 0.2407
 297 0.2495
 298 0.2491
 299 0.2614
 300 0.2647
 301 0.2707
 302 0.2665
 303 0.2649
 304 0.2561
 305 0.2541
 306 0.2596
 307 0.2636
 308 0.2601
 309 0.2625
 310 0.2656
 311 0.2541
 312 0.2557
 313 0.2564
 314 0.2551
 315 0.2521
 316 0.2546
 317 0.2533
 318 0.259
 319 0.2616
 320 0.2585
 321 0.2543
 322 0.2484
 323 0.2514
 324 0.2538
 325 0.2663
 326 0.2592
 327 0.2536
 328 0.2524
 329 0.2505
 330 0.2505
 331 0.2488
 332 0.2542
 333 0.2574
 334 0.2545
 335 0.2505
 336 0.2535
 337 0.2511
 338 0.253
 339 0.2522
 340 0.2514
 341 0.2539
 342 0.258
 343 0.2578
 344 0.2573
 345 0.2535
 346 0.2539
 347 0.2565
 348 0.2567
 349 0.265
 350 0.2592
 351 0.2526
 352 0.2448
 353 0.2482
 354 0.2426
 355 0.2466
 356 0.25
 357 0.2558
 358 0.2651
 359 0.2703
 360 0.2676
 361 0.2613
 362 0.2612
 363 0.2663
 364 0.2637
 365 0.256
 366 0.2584
 367 0.2571
 368 0.2551
 369 0.2536
 370 0.2574
 371 0.2522
 372 0.2479
 373 0.244
 374 0.2453
 375 0.2496
 376 0.2601
 377 0.2617
 378 0.2572
 379 0.2641
 380 0.2603
 381 0.2596
 382 0.2549
 383 0.2584
 384 0.2597
 385 0.2559
 386 0.249
 387 0.2449
 388 0.247
 389 0.2389
 390 0.2498
 391 0.2505
 392 0.252
 393 0.2503
 394 0.2485
 395 0.25
 396 0.2513
 397 0.2524
 398 0.2518
 399 0.2571
 400 0.2685
 401 0.2641
 402 0.2588
 403 0.2605
 404 0.269
 405 0.2641
 406 0.2614
 407 0.2577
 408 0.2546
 409 0.2531
 410 0.2516
 411 0.2518
 412 0.2541
 413 0.2551
 414 0.2559
 415 0.2554
 416 0.2521
 417 0.2461
 418 0.2501
 419 0.2524
 420 0.2568
 421 0.2513
 422 0.2474
 423 0.2527
 424 0.2501
 425 0.2566
 426 0.2528
 427 0.2511
 428 0.2508
 429 0.2534
 430 0.2493
 431 0.2483
 432 0.2457
 433 0.2466
 434 0.2493
 435 0.2476
 436 0.2458
 437 0.2476
 438 0.2473
 439 0.2507
 440 0.2501
 441 0.2517
 442 0.2554
 443 0.2564
 444 0.2521
 445 0.2565
 446 0.2468
 447 0.2492
 448 0.2475
 449 0.2441
 450 0.2438
 451 0.2534
 452 0.2541
 453 0.2646
 454 0.2606
 455 0.2586
 456 0.2567
 457 0.2573
 458 0.2582
 459 0.2615
 460 0.2522
 461 0.2526
 462 0.2518
 463 0.2509
 464 0.2575
 465 0.2624
 466 0.265
 467 0.2492
 468 0.257
 469 0.2625
 470 0.2695
 471 0.2642
 472 0.2623
 473 0.2588
 474 0.2566
 475 0.2511
 476 0.2486
 477 0.2483
 478 0.2478
 479 0.2605
 480 0.2579
 481 0.2588
 482 0.2555
 483 0.2494
 484 0.2452
 485 0.2418
 486 0.2434
 487 0.245
 488 0.2531
 489 0.2621
 490 0.2635
 491 0.2577
 492 0.2621
 493 0.2561
 494 0.2535
 495 0.2485
 496 0.2493
 497 0.2508
 498 0.2504
 499 0.254
 500 0.2653
 501 0.2708
 502 0.2648
 503 0.2618
 504 0.262
 505 0.2553
 506 0.2595
 507 0.2595
 508 0.2548
 509 0.2525
 510 0.2507
 511 0.2501
 512 0.2548
 513 0.2473
 514 0.2547
 515 0.2522
 516 0.2499
 517 0.2577
 518 0.2603
 519 0.2635
 520 0.2567
 521 0.2608
 522 0.2596
 523 0.2609
 524 0.2599
 525 0.2533
 526 0.2622
 527 0.264
 528 0.2711
 529 0.2689
 530 0.2645
 531 0.2574
 532 0.2587
 533 0.2647
 534 0.2664
 535 0.2701
 536 0.2664
 537 0.2685
 538 0.2674
 539 0.2585
 540 0.2506
 541 0.2418
 542 0.2438
 543 0.2534
 544 0.2575
 545 0.2532
 546 0.2479
 547 0.2534
 548 0.2567
 549 0.2587
 550 0.2524
 551 0.2548
 552 0.2612
 553 0.2618
 554 0.2615
 555 0.2638
 556 0.2629
 557 0.2633
 558 0.2585
 559 0.2515
 560 0.2513
 561 0.2566
 562 0.2543
 563 0.2541
 564 0.2553
 565 0.2518
 566 0.254
 567 0.2617
 568 0.2646
 569 0.2588
 570 0.2553
 571 0.2568
 572 0.264
 573 0.2641
 574 0.2669
 575 0.2595
 576 0.2547
 577 0.2501
 578 0.257
 579 0.2562
 580 0.2514
 581 0.2564
 582 0.252
 583 0.2513
 584 0.2524
 585 0.2522
 586 0.2562
 587 0.2534
 588 0.2532
 589 0.2508
 590 0.2504
 591 0.2467
 592 0.2506
 593 0.2473
 594 0.2507
 595 0.2511
 596 0.2512
 597 0.2535
 598 0.2501
 599 0.2543
 600 0.2509
 601 0.2572
 602 0.2616
 603 0.2666
 604 0.2644
 605 0.2614
 606 0.2631
 607 0.263
 608 0.2572
 609 0.2542
 610 0.2571
 611 0.251
 612 0.2562
 613 0.2594
 614 0.2592
 615 0.2519
 616 0.2558
 617 0.2534
 618 0.2533
 619 0.2473
 620 0.2415
 621 0.2465
 622 0.2525
 623 0.2565
 624 0.2539
 625 0.2527
 626 0.2519
 627 0.2506
 628 0.2551
 629 0.2496
 630 0.2478
 631 0.2549
 632 0.2527
 633 0.2575
 634 0.2497
 635 0.2521
 636 0.2486
 637 0.2587
 638 0.2514
 639 0.2533
 640 0.2575
 641 0.2543
 642 0.254
 643 0.2677
 644 0.2613
 645 0.2595
 646 0.254
 647 0.258
 648 0.2609
 649 0.2529
 650 0.2508
 651 0.2458
 652 0.2583
 653 0.2642
 654 0.2641
 655 0.265
 656 0.2613
 657 0.2621
 658 0.26
 659 0.2516
 660 0.2482
 661 0.245
 662 0.2367
 663 0.2463
 664 0.2471
 665 0.2469
 666 0.2534
 667 0.2535
 668 0.2606
 669 0.2513
 670 0.2579
 671 0.2533
 672 0.2463
 673 0.2467
 674 0.2517
 675 0.2564
 676 0.2613
 677 0.2542
 678 0.2449
 679 0.2505
 680 0.2536
 681 0.2527
 682 0.253
 683 0.2611
 684 0.2544
 685 0.2513
 686 0.2552
 687 0.261
 688 0.2572
 689 0.2623
 690 0.2596
 691 0.254
 692 0.2495
 693 0.2486
 694 0.2538
 695 0.2558
 696 0.259
 697 0.2526
 698 0.2485
 699 0.2504
 700 0.2521
 701 0.2468
 702 0.2529
 703 0.2532
 704 0.2531
 705 0.253
 706 0.2517
 707 0.2438
 708 0.2543
 709 0.251
 710 0.2511
 711 0.2563
 712 0.2495
 713 0.2457
 714 0.248
 715 0.2502
 716 0.2513
 717 0.2528
 718 0.2495
 719 0.2536
 720 0.2499
 721 0.249
 722 0.2559
 723 0.2594
 724 0.259
 725 0.2526
 726 0.2568
 727 0.256
 728 0.254
 729 0.2539
 730 0.2478
 731 0.2441
 732 0.2507
 733 0.2507
 734 0.2488
 735 0.2512
 736 0.2505
 737 0.2483
 738 0.2579
 739 0.2523
 740 0.2603
 741 0.2533
 742 0.2475
 743 0.2489
 744 0.2516
 745 0.2447
 746 0.248
 747 0.2544
 748 0.2565
 749 0.2642
 750 0.2691
 751 0.2653
 752 0.2577
 753 0.2573
 754 0.2573
 755 0.2501
 756 0.248
 757 0.2557
 758 0.2643
 759 0.2624
 760 0.2517
 761 0.2474
 762 0.2525
 763 0.2525
 764 0.2581
 765 0.2583
 766 0.2551
 767 0.2541
 768 0.259
 769 0.2506
 770 0.2512
 771 0.2568
 772 0.2516
 773 0.25
 774 0.2556
 775 0.2621
 776 0.2603
 777 0.2605
 778 0.2586
 779 0.2591
 780 0.2557
 781 0.2605
 782 0.267
 783 0.264
 784 0.2621
 785 0.2673
 786 0.265
 787 0.2603
 788 0.2567
 789 0.2592
 790 0.2555
 791 0.2542
 792 0.253
 793 0.2533
 794 0.2592
 795 0.2564
 796 0.2507
 797 0.2493
 798 0.2439
 799 0.2471
 800 0.2373
 801 0.2449
 802 0.2454
 803 0.2446
 804 0.2455
 805 0.2447
 806 0.2449
 807 0.2429
 808 0.2481
 809 0.2441
 810 0.2493
 811 0.2517
 812 0.2498
 813 0.2453
 814 0.246
 815 0.2447
 816 0.246
 817 0.2506
 818 0.2615
 819 0.2632
 820 0.2613
 821 0.252
 822 0.2551
 823 0.2621
 824 0.2606
 825 0.2614
 826 0.2608
 827 0.2573
 828 0.2583
 829 0.2546
 830 0.2495
 831 0.2551
 832 0.2543
 833 0.2579
 834 0.2625
 835 0.2679
 836 0.2652
 837 0.2476
 838 0.2426
 839 0.2397
 840 0.2469
 841 0.2452
 842 0.2546
 843 0.2536
 844 0.2577
 845 0.255
 846 0.2598
 847 0.2614
 848 0.2659
 849 0.2642
 850 0.256
 851 0.2503
 852 0.2492
 853 0.2515
 854 0.245
 855 0.2468
 856 0.2516
 857 0.2452
 858 0.246
 859 0.2428
 860 0.2472
 861 0.2458
 862 0.2431
 863 0.239
 864 0.2399
 865 0.2432
 866 0.2425
 867 0.2547
 868 0.2538
 869 0.2562
 870 0.2552
 871 0.253
 872 0.2516
 873 0.2575
 874 0.2585
 875 0.2569
 876 0.26
 877 0.2662
 878 0.2615
 879 0.2552
 880 0.2556
 881 0.2526
 882 0.2491
 883 0.2502
 884 0.2468
 885 0.2423
 886 0.2398
 887 0.2499
 888 0.2613
 889 0.2595
 890 0.2608
 891 0.2598
 892 0.2613
 893 0.2568
 894 0.2547
 895 0.2564
 896 0.2556
 897 0.2594
 898 0.2535
 899 0.256
 900 0.2504
 901 0.2556
 902 0.2523
 903 0.25
 904 0.2512
 905 0.2525
 906 0.2483
 907 0.2526
 908 0.2461
 909 0.257
 910 0.2494
 911 0.2523
 912 0.2508
 913 0.2589
 914 0.2593
 915 0.2566
 916 0.2556
 917 0.2614
 918 0.2634
 919 0.259
 920 0.2553
 921 0.2568
 922 0.2631
 923 0.2604
 924 0.2637
 925 0.261
 926 0.2643
 927 0.2658
 928 0.2653
 929 0.2552
 930 0.2545
 931 0.2568
 932 0.2602
 933 0.2591
 934 0.258
 935 0.2565
 936 0.2644
 937 0.2564
 938 0.2587
 939 0.2564
 940 0.2547
 941 0.2454
 942 0.2366
 943 0.2419
 944 0.2455
 945 0.2446
 946 0.2476
 947 0.2443
 948 0.2526
 949 0.2557
 950 0.2538
 951 0.2534
 952 0.2555
 953 0.2515
 954 0.2447
 955 0.2397
 956 0.2468
 957 0.258
 958 0.2605
 959 0.2643
 960 0.2616
 961 0.2656
 962 0.253
 963 0.2613
 964 0.2626
 965 0.2591
 966 0.2635
 967 0.2609
 968 0.261
 969 0.2577
 970 0.2557
 971 0.2501
 972 0.2586
 973 0.2574
 974 0.2538
 975 0.2523
 976 0.249
 977 0.2443
 978 0.2443
 979 0.2445
 980 0.2449
 981 0.2554
 982 0.261
 983 0.2615
 984 0.2498
 985 0.2515
 986 0.251
 987 0.2457
 988 0.2528
 989 0.2532
 990 0.2498
 991 0.2482
 992 0.2497
 993 0.2525
 994 0.2657
 995 0.2691
 996 0.2685
 997 0.2674
 998 0.2629
 999 0.2628
 1000 0.2637
 1001 0.2603
 1002 0.2525
 1003 0.2519
 1004 0.2467
 1005 0.2492
 1006 0.247
 1007 0.2533
 1008 0.2495
 1009 0.2515
 1010 0.259
 1011 0.2542
 1012 0.2533
 1013 0.2487
 1014 0.2471
 1015 0.2608
 1016 0.2636
 1017 0.2478
 1018 0.2515
 1019 0.2528
 1020 0.2556
 1021 0.2554
 1022 0.2651
 1023 0.2603
 1024 0.2655
 1025 0.2722
 1026 0.2635
 1027 0.2626
 1028 0.2599
 1029 0.2639
 1030 0.2639
 1031 0.2594
 1032 0.2663
 1033 0.2621
 1034 0.2625
 1035 0.271
 1036 0.2711
 1037 0.2676
 1038 0.2632
 1039 0.2579
 1040 0.258
 1041 0.2553
 1042 0.2559
 1043 0.2608
 1044 0.2549
 1045 0.2516
 1046 0.2525
 1047 0.2461
 1048 0.2406
 1049 0.2456
 1050 0.2509
 1051 0.2483
 1052 0.256
 1053 0.2567
 1054 0.262
 1055 0.2675
 1056 0.2557
 1057 0.252
 1058 0.2549
 1059 0.2518
 1060 0.2457
 1061 0.2446
 1062 0.2401
 1063 0.2505
 1064 0.2487
 1065 0.2473
 1066 0.2494
 1067 0.2503
 1068 0.2472
 1069 0.2521
 1070 0.2428
 1071 0.2475
 1072 0.2475
 1073 0.2443
 1074 0.25
 1075 0.256
 1076 0.262
 1077 0.2568
 1078 0.2509
 1079 0.2617
 1080 0.2536
 1081 0.2485
 1082 0.2488
 1083 0.2492
 1084 0.2441
 1085 0.2448
 1086 0.2481
 1087 0.2498
 1088 0.2509
 1089 0.2529
 1090 0.2545
 1091 0.2452
 1092 0.2441
 1093 0.2512
 1094 0.2579
 1095 0.256
 1096 0.2485
 1097 0.2446
 1098 0.2514
 1099 0.2487
 1100 0.2446
 1101 0.2542
 1102 0.2507
 1103 0.2534
 1104 0.249
 1105 0.26
 1106 0.2601
 1107 0.2633
 1108 0.2567
 1109 0.2532
 1110 0.2567
 1111 0.2548
 1112 0.2536
 1113 0.2472
 1114 0.2476
 1115 0.2479
 1116 0.2493
 1117 0.2518
 1118 0.2528
 1119 0.2557
 1120 0.2563
 1121 0.2526
 1122 0.2594
 1123 0.2632
 1124 0.2615
 1125 0.2646
 1126 0.2641
 1127 0.2683
 1128 0.2611
 1129 0.2663
 1130 0.2756
 1131 0.2651
 1132 0.258
 1133 0.2557
 1134 0.2478
 1135 0.2543
 1136 0.2594
 1137 0.2616
 1138 0.2632
 1139 0.2587
 1140 0.2597
 1141 0.2621
 1142 0.2547
 1143 0.2602
 1144 0.2553
 1145 0.2386
 1146 0.2325
 1147 0.2351
 1148 0.2453
 1149 0.2497
 1150 0.2547
 1151 0.2549
 1152 0.2536
 1153 0.2591
 1154 0.2519
 1155 0.2473
 1156 0.2414
 1157 0.2362
 1158 0.2395
 1159 0.2396
 1160 0.2417
 1161 0.2509
 1162 0.2563
 1163 0.2602
 1164 0.2611
 1165 0.2669
 1166 0.2677
 1167 0.2699
 1168 0.2638
 1169 0.2494
 1170 0.2509
 1171 0.248
 1172 0.2433
 1173 0.2443
 1174 0.2437
 1175 0.2525
 1176 0.2532
 1177 0.253
 1178 0.2572
 1179 0.2559
 1180 0.2544
 1181 0.2505
 1182 0.2495
 1183 0.2595
 1184 0.2701
 1185 0.2619
 1186 0.2549
 1187 0.2562
 1188 0.2673
 1189 0.2622
 1190 0.2592
 1191 0.2533
 1192 0.2537
 1193 0.2637
 1194 0.2605
 1195 0.2528
 1196 0.2567
 1197 0.2578
 1198 0.2601
 1199 0.2601
 1200 0.271
 1201 0.2594
 1202 0.2579
 1203 0.254
 1204 0.2516
 1205 0.2485
 1206 0.2555
 1207 0.2495
 1208 0.2445
 1209 0.248
 1210 0.2485
 1211 0.2578
 1212 0.2574
 1213 0.2584
 1214 0.2551
 1215 0.2503
 1216 0.2531
 1217 0.2489
 1218 0.2546
 1219 0.2523
 1220 0.2518
 1221 0.2509
 1222 0.2462
 1223 0.2519
 1224 0.2551
 1225 0.256
 1226 0.2524
 1227 0.2508
 1228 0.2497
 1229 0.2545
 1230 0.2485
 1231 0.2502
 1232 0.2423
 1233 0.2507
 1234 0.2516
 1235 0.2513
 1236 0.2569
 1237 0.2552
 1238 0.2511
 1239 0.2551
 1240 0.2646
 1241 0.2626
 1242 0.2622
 1243 0.2595
 1244 0.267
 1245 0.2577
 1246 0.2533
 1247 0.2559
 1248 0.252
 1249 0.2512
 1250 0.2518
 1251 0.2563
 1252 0.2619
 1253 0.258
 1254 0.2521
 1255 0.2558
 1256 0.2549
 1257 0.243
 1258 0.2533
 1259 0.2559
 1260 0.2602
 1261 0.2574
 1262 0.2592
 1263 0.2591
 1264 0.2633
 1265 0.264
 1266 0.2628
 1267 0.2637
 1268 0.2648
 1269 0.2607
 1270 0.2558
 1271 0.2543
 1272 0.2525
 1273 0.2527
 1274 0.2561
 1275 0.2557
 1276 0.239
 1277 0.2416
 1278 0.2351
 1279 0.2431
 1280 0.2451
 1281 0.2456
 1282 0.2449
 1283 0.2339
 1284 0.2436
 1285 0.2448
 1286 0.2549
 1287 0.2522
 1288 0.2553
 1289 0.2548
 1290 0.2508
 1291 0.2556
 1292 0.2578
 1293 0.2538
 1294 0.2541
 1295 0.2536
 1296 0.2566
 1297 0.258
 1298 0.2592
 1299 0.2557
 1300 0.2608
 1301 0.268
 1302 0.2663
 1303 0.2582
 1304 0.259
 1305 0.2606
 1306 0.2581
 1307 0.2591
 1308 0.2482
 1309 0.2466
 1310 0.2474
 1311 0.254
 1312 0.2547
 1313 0.2604
 1314 0.2589
 1315 0.2586
 1316 0.2612
 1317 0.2611
 1318 0.2561
 1319 0.2534
 1320 0.2492
 1321 0.2426
 1322 0.2486
 1323 0.2505
 1324 0.2473
 1325 0.2499
 1326 0.2539
 1327 0.2563
 1328 0.252
 1329 0.2455
 1330 0.2416
 1331 0.2455
 1332 0.2496
 1333 0.2516
 1334 0.2494
 1335 0.2518
 1336 0.2483
 1337 0.2471
 1338 0.2475
 1339 0.2478
 1340 0.2506
 1341 0.2526
 1342 0.2556
 1343 0.2522
 1344 0.2569
 1345 0.252
 1346 0.2528
 1347 0.2512
 1348 0.2648
 1349 0.2626
 1350 0.2646
 1351 0.2651
 1352 0.2592
 1353 0.2649
 1354 0.2586
 1355 0.2638
 1356 0.2556
 1357 0.2481
 1358 0.2526
 1359 0.2445
 1360 0.2419
 1361 0.2385
 1362 0.2493
 1363 0.2507
 1364 0.2543
 1365 0.2495
 1366 0.2511
 1367 0.2571
 1368 0.2643
 1369 0.2594
 1370 0.2648
 1371 0.257
 1372 0.2583
 1373 0.2505
 1374 0.2545
 1375 0.2498
 1376 0.2593
 1377 0.2567
 1378 0.2604
 1379 0.2673
 1380 0.269
 1381 0.2612
 1382 0.2525
 1383 0.2541
 1384 0.2487
 1385 0.2497
 1386 0.2518
 1387 0.2516
 1388 0.2438
 1389 0.2465
 1390 0.2426
 1391 0.2505
 1392 0.2516
 1393 0.2572
 1394 0.2617
 1395 0.2674
 1396 0.2699
 1397 0.2713
 1398 0.263
 1399 0.2601
 1400 0.2639
 1401 0.2604
 1402 0.2565
 1403 0.2543
 1404 0.2461
 1405 0.2548
 1406 0.2572
 1407 0.2588
 1408 0.2566
 1409 0.2474
 1410 0.2443
 1411 0.2476
 1412 0.2524
 1413 0.258
 1414 0.2639
 1415 0.2608
 1416 0.2488
 1417 0.2515
 1418 0.2492
 1419 0.2538
 1420 0.2518
 1421 0.2534
 1422 0.2574
 1423 0.2517
 1424 0.25
 1425 0.2597
 1426 0.2607
 1427 0.2539
 1428 0.2478
 1429 0.2539
 1430 0.2491
 1431 0.2528
 1432 0.2584
 1433 0.2587
 1434 0.2537
 1435 0.2581
 1436 0.2597
 1437 0.2621
 1438 0.2584
 1439 0.2616
 1440 0.2517
 1441 0.2536
 1442 0.2522
 1443 0.2501
 1444 0.2523
 1445 0.247
 1446 0.2569
 1447 0.2517
 1448 0.2567
 1449 0.256
 1450 0.2606
 1451 0.253
 1452 0.2499
 1453 0.2532
 1454 0.2526
 1455 0.2558
 1456 0.2527
 1457 0.2512
 1458 0.254
 1459 0.2519
 1460 0.2521
 1461 0.2501
 1462 0.2556
 1463 0.256
 1464 0.2543
 1465 0.2562
 1466 0.2487
 1467 0.2599
 1468 0.2586
 1469 0.2473
 1470 0.2476
 1471 0.2544
 1472 0.2553
 1473 0.2516
 1474 0.246
 1475 0.2522
 1476 0.2519
 1477 0.2514
 1478 0.2434
 1479 0.2506
 1480 0.2582
 1481 0.2666
 1482 0.2617
 1483 0.2614
 1484 0.257
 1485 0.2567
 1486 0.2608
 1487 0.2618
 1488 0.2564
 1489 0.2613
 1490 0.2589
 1491 0.2548
 1492 0.257
 1493 0.2532
 1494 0.2564
 1495 0.261
 1496 0.2646
 1497 0.2618
 1498 0.2543
 1499 0.2492
 1500 0.2499
 1501 0.2461
 1502 0.2478
 1503 0.2483
 1504 0.2512
 1505 0.2526
 1506 0.252
 1507 0.2478
 1508 0.2566
 1509 0.2671
 1510 0.2691
 1511 0.2716
 1512 0.2685
 1513 0.2659
 1514 0.2657
 1515 0.2577
 1516 0.2529
 1517 0.2533
 1518 0.2465
 1519 0.2519
 1520 0.244
 1521 0.2534
 1522 0.2552
 1523 0.2523
 1524 0.2547
 1525 0.2551
 1526 0.2502
 1527 0.2539
 1528 0.2597
 1529 0.259
 1530 0.256
 1531 0.2519
 1532 0.2463
 1533 0.2451
 1534 0.2542
 1535 0.2478
 1536 0.2394
 1537 0.2509
 1538 0.2502
 1539 0.2523
 1540 0.2537
 1541 0.2532
 1542 0.2479
 1543 0.2574
 1544 0.2564
 1545 0.2663
 1546 0.2651
 1547 0.2739
 1548 0.2718
 1549 0.2618
 1550 0.2551
 1551 0.2625
 1552 0.2576
 1553 0.2623
 1554 0.2645
 1555 0.2602
 1556 0.2574
 1557 0.2592
 1558 0.2572
 1559 0.2507
 1560 0.251
 1561 0.2485
 1562 0.2505
 1563 0.2492
 1564 0.2443
 1565 0.2401
 1566 0.2445
 1567 0.2497
 1568 0.2487
 1569 0.2548
 1570 0.2628
 1571 0.2726
 1572 0.2676
 1573 0.2662
 1574 0.262
 1575 0.2594
 1576 0.2557
 1577 0.2505
 1578 0.2397
 1579 0.24
 1580 0.2498
 1581 0.2519
 1582 0.2526
 1583 0.2525
 1584 0.2585
 1585 0.254
 1586 0.249
 1587 0.2517
 1588 0.2481
 1589 0.2457
 1590 0.2433
 1591 0.2486
 1592 0.2576
 1593 0.2636
 1594 0.2578
 1595 0.2552
 1596 0.2513
 1597 0.2519
 1598 0.2557
 1599 0.2562
 1600 0.2567
 1601 0.2618
 1602 0.2609
 1603 0.2595
 1604 0.2531
 1605 0.2563
 1606 0.2514
 1607 0.2469
 1608 0.2523
 1609 0.2523
 1610 0.246
 1611 0.2495
 1612 0.2584
 1613 0.2622
 1614 0.2537
 1615 0.2571
 1616 0.2616
 1617 0.2605
 1618 0.2516
 1619 0.2535
 1620 0.2593
 1621 0.2626
 1622 0.2619
 1623 0.2665
 1624 0.2592
 1625 0.2593
 1626 0.2587
 1627 0.2568
 1628 0.2511
 1629 0.244
 1630 0.2402
 1631 0.2456
 1632 0.2449
 1633 0.2421
 1634 0.2408
 1635 0.245
 1636 0.25
 1637 0.2629
 1638 0.2605
 1639 0.2617
 1640 0.2551
 1641 0.2568
 1642 0.2479
 1643 0.2417
 1644 0.2406
 1645 0.2417
 1646 0.2414
 1647 0.2463
 1648 0.2453
 1649 0.2486
 1650 0.2498
 1651 0.2498
 1652 0.2446
 1653 0.2532
 1654 0.2578
 1655 0.2506
 1656 0.2473
 1657 0.2452
 1658 0.2511
 1659 0.2523
 1660 0.2581
 1661 0.2579
 1662 0.2613
 1663 0.259
 1664 0.2643
 1665 0.2645
 1666 0.2697
 1667 0.2696
 1668 0.261
 1669 0.2529
 1670 0.2565
 1671 0.2529
 1672 0.2486
 1673 0.2446
 1674 0.242
 1675 0.2492
 1676 0.248
 1677 0.2592
 1678 0.2513
 1679 0.2469
 1680 0.247
 1681 0.2494
 1682 0.2557
 1683 0.2544
 1684 0.2547
 1685 0.2594
 1686 0.2604
 1687 0.2595
 1688 0.2523
 1689 0.252
 1690 0.2624
 1691 0.2597
 1692 0.2602
 1693 0.2639
 1694 0.2664
 1695 0.264
 1696 0.2634
 1697 0.2559
 1698 0.258
 1699 0.2554
 1700 0.2581
 1701 0.2535
 1702 0.2465
 1703 0.249
 1704 0.2499
 1705 0.2519
 1706 0.2577
 1707 0.2546
 1708 0.2526
 1709 0.2449
 1710 0.2478
 1711 0.2466
 1712 0.2525
 1713 0.2561
 1714 0.2585
 1715 0.2521
 1716 0.2551
 1717 0.2479
 1718 0.2574
 1719 0.2575
 1720 0.2635
 1721 0.264
 1722 0.2597
 1723 0.2569
 1724 0.2551
 1725 0.2591
 1726 0.26
 1727 0.2587
 1728 0.2599
 1729 0.2459
 1730 0.2499
 1731 0.2474
 1732 0.2464
 1733 0.2486
 1734 0.2398
 1735 0.2452
 1736 0.249
 1737 0.2518
 1738 0.2569
 1739 0.2538
 1740 0.2516
 1741 0.2539
 1742 0.252
 1743 0.2607
 1744 0.2545
 1745 0.2568
 1746 0.2552
 1747 0.2497
 1748 0.2484
 1749 0.2455
 1750 0.246
 1751 0.2503
 1752 0.2566
 1753 0.2628
 1754 0.2627
 1755 0.2558
 1756 0.2547
 1757 0.2619
 1758 0.2635
 1759 0.2677
 1760 0.2657
 1761 0.2662
 1762 0.2598
 1763 0.257
 1764 0.2515
 1765 0.2508
 1766 0.2605
 1767 0.2566
 1768 0.2604
 1769 0.2653
 1770 0.2629
 1771 0.264
 1772 0.2604
 1773 0.2525
 1774 0.2507
 1775 0.2501
 1776 0.2557
 1777 0.2541
 1778 0.2522
 1779 0.2487
 1780 0.2585
 1781 0.2498
 1782 0.2479
 1783 0.2553
 1784 0.252
 1785 0.2555
 1786 0.2514
 1787 0.2566
 1788 0.259
 1789 0.2529
 1790 0.258
 1791 0.2597
 1792 0.2618
 1793 0.2575
 1794 0.2562
 1795 0.2565
 1796 0.2608
 1797 0.2599
 1798 0.2574
 1799 0.2534
 1800 0.2436
 1801 0.2461
 1802 0.2498
 1803 0.2464
 1804 0.2439
 1805 0.2448
 1806 0.2542
 1807 0.2571
 1808 0.26
 1809 0.2628
 1810 0.2553
 1811 0.2531
 1812 0.2535
 1813 0.2532
 1814 0.2518
 1815 0.2503
 1816 0.2561
 1817 0.2532
 1818 0.2531
 1819 0.2591
 1820 0.2426
 1821 0.2436
 1822 0.2482
 1823 0.2585
 1824 0.2609
 1825 0.2599
 1826 0.261
 1827 0.2642
 1828 0.2603
 1829 0.2672
 1830 0.2654
 1831 0.2658
 1832 0.268
 1833 0.2552
 1834 0.2513
 1835 0.2496
 1836 0.2479
 1837 0.2489
 1838 0.2528
 1839 0.2503
 1840 0.2547
 1841 0.258
 1842 0.256
 1843 0.2578
 1844 0.2536
 1845 0.2549
 1846 0.2509
 1847 0.2541
 1848 0.2629
 1849 0.2653
 1850 0.2531
 1851 0.2475
 1852 0.255
 1853 0.2529
 1854 0.2576
 1855 0.2576
 1856 0.2598
 1857 0.2541
 1858 0.252
 1859 0.2578
 1860 0.254
 1861 0.2529
 1862 0.2526
 1863 0.2481
 1864 0.2424
 1865 0.2426
 1866 0.2454
 1867 0.25
 1868 0.2513
 1869 0.2508
 1870 0.2524
 1871 0.251
 1872 0.2504
 1873 0.251
 1874 0.254
 1875 0.2564
 1876 0.2607
 1877 0.2599
 1878 0.2569
 1879 0.2523
 1880 0.2475
 1881 0.2519
 1882 0.251
 1883 0.253
 1884 0.2568
 1885 0.2547
 1886 0.2649
 1887 0.2627
 1888 0.2643
 1889 0.2599
 1890 0.2645
 1891 0.2683
 1892 0.2577
 1893 0.2568
 1894 0.2571
 1895 0.254
 1896 0.2501
 1897 0.2493
 1898 0.2571
 1899 0.2486
 1900 0.2442
 1901 0.2501
 1902 0.2506
 1903 0.2583
 1904 0.2534
 1905 0.2573
 1906 0.2524
 1907 0.258
 1908 0.2605
 1909 0.2547
 1910 0.2551
 1911 0.2593
 1912 0.2554
 1913 0.2516
 1914 0.2529
 1915 0.2506
 1916 0.2507
 1917 0.2552
 1918 0.2507
 1919 0.2497
 1920 0.2613
 1921 0.2637
 1922 0.2625
 1923 0.2639
 1924 0.2641
 1925 0.2562
 1926 0.2587
 1927 0.2588
 1928 0.2529
 1929 0.2554
 1930 0.2538
 1931 0.2578
 1932 0.2511
 1933 0.2524
 1934 0.2554
 1935 0.2563
 1936 0.2558
 1937 0.2609
 1938 0.2597
 1939 0.2587
 1940 0.2602
 1941 0.2626
 1942 0.2592
 1943 0.2531
 1944 0.2569
 1945 0.2522
 1946 0.258
 1947 0.2578
 1948 0.2513
 1949 0.2501
 1950 0.2539
 1951 0.26
 1952 0.2538
 1953 0.251
 1954 0.2545
 1955 0.254
 1956 0.252
 1957 0.2572
 1958 0.2535
 1959 0.2589
 1960 0.2583
 1961 0.2489
 1962 0.2415
 1963 0.2422
 1964 0.2535
 1965 0.2516
 1966 0.2544
 1967 0.2588
 1968 0.264
 1969 0.2603
 1970 0.2601
 1971 0.2631
 1972 0.2558
 1973 0.2584
 1974 0.2528
 1975 0.2566
 1976 0.2624
 1977 0.2584
 1978 0.2589
 1979 0.2562
 1980 0.2515
 1981 0.2473
 1982 0.2507
 1983 0.2545
 1984 0.2529
 1985 0.2494
 1986 0.2524
 1987 0.2574
 1988 0.2611
 1989 0.2592
 1990 0.2654
 1991 0.2644
 1992 0.2636
 1993 0.2635
 1994 0.2557
 1995 0.2497
 1996 0.2499
 1997 0.2536
 1998 0.258
 1999 0.2632
 2000 0.2652
 2001 0.2571
 2002 0.2551
 2003 0.2536
 2004 0.257
 2005 0.2483
 2006 0.2559
 2007 0.2489
 2008 0.2513
 2009 0.2514
 2010 0.2429
 2011 0.2461
 2012 0.2548
 2013 0.2568
 2014 0.2548
 2015 0.2529
 2016 0.2505
 2017 0.2485
 2018 0.2474
 2019 0.2528
 2020 0.2417
 2021 0.2511
 2022 0.2518
 2023 0.2514
 2024 0.2627
 2025 0.262
 2026 0.2593
 2027 0.2586
 2028 0.2552
 2029 0.2473
 2030 0.2559
 2031 0.2549
 2032 0.2531
 2033 0.2504
 2034 0.2508
 2035 0.257
 2036 0.251
 2037 0.2453
 2038 0.2521
 2039 0.2523
 2040 0.2482
 2041 0.2495
 2042 0.2478
 2043 0.2462
 2044 0.2497
 2045 0.2451
 2046 0.2455
 2047 0.2508
 2048 0.2429
 2049 0.2455
 2050 0.2439
 2051 0.2473
 2052 0.2459
 2053 0.2531
 2054 0.2453
 2055 0.2518
 2056 0.2582
 2057 0.2598
 2058 0.2567
 2059 0.2659
 2060 0.2693
 2061 0.2678
 2062 0.2645
 2063 0.2633
 2064 0.2563
 2065 0.253
 2066 0.2528
 2067 0.2502
 2068 0.2554
 2069 0.2562
 2070 0.2584
 2071 0.2565
 2072 0.2574
 2073 0.2588
 2074 0.2533
 2075 0.2598
 2076 0.2594
 2077 0.2569
 2078 0.2527
 2079 0.2487
 2080 0.246
 2081 0.2464
 2082 0.2548
 2083 0.2644
 2084 0.2642
 2085 0.2566
 2086 0.2556
 2087 0.2532
 2088 0.2531
 2089 0.2503
 2090 0.2493
 2091 0.2443
 2092 0.248
 2093 0.2453
 2094 0.2452
 2095 0.2488
 2096 0.2449
 2097 0.2496
 2098 0.2465
 2099 0.2494
 2100 0.2482
 2101 0.2495
 2102 0.2589
 2103 0.2608
 2104 0.2677
 2105 0.2652
 2106 0.2636
 2107 0.2689
 2108 0.2639
 2109 0.2578
 2110 0.2545
 2111 0.2501
 2112 0.2615
 2113 0.2611
 2114 0.2564
 2115 0.2678
 2116 0.2562
 2117 0.2633
 2118 0.2646
 2119 0.2616
 2120 0.2515
 2121 0.2529
 2122 0.2522
 2123 0.2543
 2124 0.2516
 2125 0.2504
 2126 0.2556
 2127 0.259
 2128 0.2596
 2129 0.2547
 2130 0.2557
 2131 0.2587
 2132 0.266
 2133 0.262
 2134 0.2595
 2135 0.2534
 2136 0.2531
 2137 0.2603
 2138 0.2625
 2139 0.2574
 2140 0.2624
 2141 0.2604
 2142 0.2594
 2143 0.2527
 2144 0.2596
 2145 0.2643
 2146 0.2699
 2147 0.2588
 2148 0.2587
 2149 0.2596
 2150 0.2517
 2151 0.2454
 2152 0.251
 2153 0.249
 2154 0.2453
 2155 0.2436
 2156 0.2453
 2157 0.2441
 2158 0.2489
 2159 0.2543
 2160 0.2582
 2161 0.2627
 2162 0.2627
 2163 0.2578
 2164 0.2535
 2165 0.2592
 2166 0.2623
 2167 0.2614
 2168 0.2593
 2169 0.2602
 2170 0.2518
 2171 0.2547
 2172 0.2597
 2173 0.2612
 2174 0.2584
 2175 0.2618
 2176 0.2589
 2177 0.265
 2178 0.2611
 2179 0.2597
 2180 0.2521
 2181 0.2492
 2182 0.2488
 2183 0.2498
 2184 0.2556
 2185 0.2551
 2186 0.2562
 2187 0.2533
 2188 0.2576
 2189 0.2544
 2190 0.2562
 2191 0.2552
 2192 0.255
 2193 0.2529
 2194 0.2636
 2195 0.2737
 2196 0.2613
 2197 0.2544
 2198 0.2508
 2199 0.2544
 2200 0.2545
 2201 0.2496
 2202 0.2431
 2203 0.246
 2204 0.246
 2205 0.2517
 2206 0.255
 2207 0.2569
 2208 0.2507
 2209 0.2468
 2210 0.2529
 2211 0.2474
 2212 0.2485
 2213 0.2504
 2214 0.2507
 2215 0.2547
 2216 0.2585
 2217 0.2591
 2218 0.2615
 2219 0.2602
 2220 0.2631
 2221 0.2622
 2222 0.2573
 2223 0.2528
 2224 0.2577
 2225 0.2548
 2226 0.2553
 2227 0.2568
 2228 0.2624
 2229 0.2602
 2230 0.2657
 2231 0.2644
 2232 0.2611
 2233 0.2611
 2234 0.255
 2235 0.2518
 2236 0.2518
 2237 0.2563
 2238 0.2597
 2239 0.2617
 2240 0.2638
 2241 0.2608
 2242 0.2677
 2243 0.2611
 2244 0.2618
 2245 0.2582
 2246 0.2552
 2247 0.2463
 2248 0.2511
 2249 0.247
 2250 0.2528
 2251 0.2555
 2252 0.2563
 2253 0.2614
 2254 0.2497
 2255 0.2579
 2256 0.2572
 2257 0.2518
 2258 0.2497
 2259 0.2509
 2260 0.2511
 2261 0.2483
 2262 0.2451
 2263 0.2476
 2264 0.2474
 2265 0.2533
 2266 0.2571
 2267 0.2551
 2268 0.258
 2269 0.2504
 2270 0.253
 2271 0.2567
 2272 0.2566
 2273 0.2604
 2274 0.2626
 2275 0.2628
 2276 0.2543
 2277 0.2512
 2278 0.2527
 2279 0.258
 2280 0.2557
 2281 0.2517
 2282 0.2526
 2283 0.2478
 2284 0.2457
 2285 0.2491
 2286 0.2493
 2287 0.2528
 2288 0.2568
 2289 0.2592
 2290 0.2566
 2291 0.2554
 2292 0.2481
 2293 0.252
 2294 0.2486
 2295 0.246
 2296 0.2504
 2297 0.254
 2298 0.2501
 2299 0.253
 2300 0.2596
 2301 0.2654
 2302 0.2576
 2303 0.2524
 2304 0.2512
 2305 0.257
 2306 0.2541
 2307 0.2563
 2308 0.2529
 2309 0.2521
 2310 0.2459
 2311 0.2473
 2312 0.2494
 2313 0.2517
 2314 0.2513
 2315 0.256
 2316 0.2615
 2317 0.2592
 2318 0.2612
 2319 0.2633
 2320 0.25
 2321 0.2627
 2322 0.269
 2323 0.2613
 2324 0.2577
 2325 0.262
 2326 0.2647
 2327 0.2633
 2328 0.2618
 2329 0.2638
 2330 0.2724
 2331 0.2685
 2332 0.2733
 2333 0.2587
 2334 0.2556
 2335 0.25
 2336 0.2612
 2337 0.2598
 2338 0.2653
 2339 0.262
 2340 0.2601
 2341 0.2546
 2342 0.259
 2343 0.2535
 2344 0.2504
 2345 0.2495
 2346 0.2436
 2347 0.2487
 2348 0.2443
 2349 0.2502
 2350 0.2507
 2351 0.248
 2352 0.2497
 2353 0.2527
 2354 0.258
 2355 0.2474
 2356 0.2514
 2357 0.251
 2358 0.2452
 2359 0.2498
 2360 0.2452
 2361 0.2425
 2362 0.2374
 2363 0.2369
 2364 0.2389
 2365 0.2395
 2366 0.2494
 2367 0.2448
 2368 0.2463
 2369 0.2453
 2370 0.2454
 2371 0.2427
 2372 0.2469
 2373 0.2461
 2374 0.2539
 2375 0.2567
 2376 0.2496
 2377 0.252
 2378 0.2472
 2379 0.2507
 2380 0.2439
 2381 0.2453
 2382 0.2532
 2383 0.2549
 2384 0.2544
 2385 0.2522
 2386 0.2513
 2387 0.2563
 2388 0.2525
 2389 0.2483
 2390 0.2504
 2391 0.2476
 2392 0.2543
 2393 0.2543
 2394 0.2583
 2395 0.2523
 2396 0.249
 2397 0.2394
 2398 0.2395
 2399 0.2468
 2400 0.2492
 2401 0.2545
 2402 0.2594
 2403 0.2566
 2404 0.2643
 2405 0.2674
 2406 0.2644
 2407 0.2564
 2408 0.2481
 2409 0.2583
 2410 0.2537
 2411 0.2537
 2412 0.253
 2413 0.2541
 2414 0.255
 2415 0.2572
 2416 0.2524
 2417 0.2493
 2418 0.2477
 2419 0.2543
 2420 0.2623
 2421 0.2582
 2422 0.2606
 2423 0.2624
 2424 0.2618
 2425 0.2641
 2426 0.2614
 2427 0.2536
 2428 0.2483
 2429 0.2556
 2430 0.2567
 2431 0.2646
 2432 0.2598
 2433 0.2553
 2434 0.2546
 2435 0.2574
 2436 0.2483
 2437 0.2464
 2438 0.2443
 2439 0.2428
 2440 0.2469
 2441 0.2504
 2442 0.2475
 2443 0.2522
 2444 0.2512
 2445 0.2512
 2446 0.2462
 2447 0.2482
 2448 0.2558
 2449 0.2612
 2450 0.2566
 2451 0.2528
 2452 0.2507
 2453 0.2499
 2454 0.2511
 2455 0.2582
 2456 0.2586
 2457 0.2635
 2458 0.2566
 2459 0.2605
 2460 0.2665
 2461 0.2594
 2462 0.2624
 2463 0.2621
 2464 0.2575
 2465 0.2651
 2466 0.2596
 2467 0.2561
 2468 0.2555
 2469 0.2557
 2470 0.2654
 2471 0.2645
 2472 0.2599
 2473 0.2564
 2474 0.2596
 2475 0.2576
 2476 0.2539
 2477 0.2398
 2478 0.2454
 2479 0.2557
 2480 0.2471
 2481 0.2484
 2482 0.2487
 2483 0.2489
 2484 0.2478
 2485 0.2467
 2486 0.2416
 2487 0.2455
 2488 0.245
 2489 0.2441
 2490 0.2477
 2491 0.2494
 2492 0.2496
 2493 0.25
 2494 0.2453
 2495 0.2385
 2496 0.2403
 2497 0.2413
 2498 0.2486
 2499 0.2511
 2500 0.2482
 2501 0.249
 2502 0.2436
 2503 0.2516
 2504 0.2547
 2505 0.2532
 2506 0.2625
 2507 0.2684
 2508 0.2721
 2509 0.2698
 2510 0.2623
 2511 0.2554
 2512 0.2556
 2513 0.266
 2514 0.2568
 2515 0.2624
 2516 0.2629
 2517 0.2616
 2518 0.2601
 2519 0.2562
 2520 0.2568
 2521 0.2582
 2522 0.2492
 2523 0.2563
 2524 0.2543
 2525 0.2524
 2526 0.2502
 2527 0.2489
 2528 0.2488
 2529 0.2507
 2530 0.2556
 2531 0.2561
 2532 0.2676
 2533 0.2621
 2534 0.259
 2535 0.259
 2536 0.2659
 2537 0.2562
 2538 0.2539
 2539 0.2506
 2540 0.2541
 2541 0.2509
 2542 0.2458
 2543 0.2504
 2544 0.2545
 2545 0.2559
 2546 0.2581
 2547 0.2568
 2548 0.2533
 2549 0.2527
 2550 0.2569
 2551 0.2551
 2552 0.2479
 2553 0.2443
 2554 0.2486
 2555 0.2399
 2556 0.2362
 2557 0.2474
 2558 0.2526
 2559 0.2536
 2560 0.2551
 2561 0.2603
 2562 0.2618
 2563 0.2613
 2564 0.2529
 2565 0.2574
 2566 0.2604
 2567 0.2657
 2568 0.2656
 2569 0.2596
 2570 0.257
 2571 0.2663
 2572 0.2667
 2573 0.2663
 2574 0.2528
 2575 0.2595
 2576 0.2625
 2577 0.2651
 2578 0.261
 2579 0.2651
 2580 0.2675
 2581 0.2613
 2582 0.2537
 2583 0.2693
 2584 0.2652
 2585 0.2599
 2586 0.2582
 2587 0.25
 2588 0.2489
 2589 0.2519
 2590 0.2496
 2591 0.2548
 2592 0.2534
 2593 0.2553
 2594 0.2545
 2595 0.2478
 2596 0.2525
 2597 0.2524
 2598 0.2468
 2599 0.2446
 2600 0.2473
 2601 0.2544
 2602 0.2522
 2603 0.2548
 2604 0.2588
 2605 0.254
 2606 0.2566
 2607 0.257
 2608 0.2543
 2609 0.2498
 2610 0.2519
 2611 0.2528
 2612 0.2511
 2613 0.2419
 2614 0.2409
 2615 0.2459
 2616 0.2473
 2617 0.2514
 2618 0.2515
 2619 0.2514
 2620 0.257
 2621 0.2559
 2622 0.2519
 2623 0.256
 2624 0.2621
 2625 0.2547
 2626 0.2557
 2627 0.2554
 2628 0.2607
 2629 0.2554
 2630 0.2568
 2631 0.2631
 2632 0.2619
 2633 0.2621
 2634 0.2611
 2635 0.2667
 2636 0.2605
 2637 0.2512
 2638 0.2535
 2639 0.2528
 2640 0.2508
 2641 0.248
 2642 0.2528
 2643 0.2576
 2644 0.2575
 2645 0.2521
 2646 0.2469
 2647 0.2565
 2648 0.2573
 2649 0.2485
 2650 0.2429
 2651 0.2533
 2652 0.2543
 2653 0.2506
 2654 0.2456
 2655 0.2496
 2656 0.2453
 2657 0.246
 2658 0.2468
 2659 0.244
 2660 0.248
 2661 0.2538
 2662 0.2594
 2663 0.2616
 2664 0.2612
 2665 0.2639
 2666 0.251
 2667 0.2425
 2668 0.2555
 2669 0.2646
 2670 0.2569
 2671 0.2643
 2672 0.2673
 2673 0.253
 2674 0.2509
 2675 0.2554
 2676 0.2547
 2677 0.2583
 2678 0.2564
 2679 0.2585
 2680 0.2571
 2681 0.2567
 2682 0.2584
 2683 0.2589
 2684 0.2514
 2685 0.2507
 2686 0.2474
 2687 0.247
 2688 0.2489
 2689 0.2481
 2690 0.2415
 2691 0.2491
 2692 0.2565
 2693 0.2572
 2694 0.2581
 2695 0.2581
 2696 0.2543
 2697 0.2578
 2698 0.254
 2699 0.2498
 2700 0.2563
 2701 0.2583
 2702 0.2611
 2703 0.2598
 2704 0.2584
 2705 0.2554
 2706 0.254
 2707 0.2499
 2708 0.2443
 2709 0.2517
 2710 0.2546
 2711 0.2551
 2712 0.2574
 2713 0.2587
 2714 0.2656
 2715 0.2604
 2716 0.2702
 2717 0.2627
 2718 0.2566
 2719 0.263
 2720 0.2521
 2721 0.25
 2722 0.2561
 2723 0.2588
 2724 0.2563
 2725 0.2612
 2726 0.2684
 2727 0.2664
 2728 0.2686
 2729 0.2632
 2730 0.2633
 2731 0.2649
 2732 0.2668
 2733 0.2583
 2734 0.2596
 2735 0.2547
 2736 0.2586
 2737 0.2584
 2738 0.2502
 2739 0.2488
 2740 0.2477
 2741 0.2406
 2742 0.2443
 2743 0.2485
 2744 0.253
 2745 0.2534
 2746 0.2538
 2747 0.2575
 2748 0.2514
 2749 0.2571
 2750 0.2557
 2751 0.2609
 2752 0.2555
 2753 0.2561
 2754 0.2633
 2755 0.2574
 2756 0.2561
 2757 0.2578
 2758 0.262
 2759 0.2611
 2760 0.2608
 2761 0.2644
 2762 0.2561
 2763 0.2566
 2764 0.2535
 2765 0.2526
 2766 0.2488
 2767 0.2448
 2768 0.241
 2769 0.2425
 2770 0.2466
 2771 0.246
 2772 0.2412
 2773 0.2439
 2774 0.2501
 2775 0.2499
 2776 0.2592
 2777 0.2477
 2778 0.2505
 2779 0.2692
 2780 0.2579
 2781 0.2524
 2782 0.2562
 2783 0.2573
 2784 0.2571
 2785 0.2564
 2786 0.2581
 2787 0.2534
 2788 0.2543
 2789 0.2544
 2790 0.2564
 2791 0.2572
 2792 0.2627
 2793 0.2595
 2794 0.2638
 2795 0.2573
 2796 0.2554
 2797 0.2583
 2798 0.2604
 2799 0.2588
 2800 0.2604
 2801 0.2594
 2802 0.251
 2803 0.245
 2804 0.2481
 2805 0.2528
 2806 0.2532
 2807 0.266
 2808 0.2622
 2809 0.2652
 2810 0.2564
 2811 0.2555
 2812 0.2591
 2813 0.2552
 2814 0.2595
 2815 0.2613
 2816 0.259
 2817 0.2476
 2818 0.2531
 2819 0.251
 2820 0.2521
 2821 0.2523
 2822 0.251
 2823 0.2556
 2824 0.2604
 2825 0.2559
 2826 0.2594
 2827 0.2565
 2828 0.2601
 2829 0.262
 2830 0.2627
 2831 0.2627
 2832 0.2635
 2833 0.2671
 2834 0.2694
 2835 0.2713
 2836 0.2656
 2837 0.265
 2838 0.2663
 2839 0.2617
 2840 0.2568
 2841 0.2567
 2842 0.246
 2843 0.2474
 2844 0.2503
 2845 0.2513
 2846 0.2503
 2847 0.2489
 2848 0.2532
 2849 0.2575
 2850 0.251
 2851 0.2489
 2852 0.2528
 2853 0.2599
 2854 0.2655
 2855 0.2697
 2856 0.2628
 2857 0.2623
 2858 0.266
 2859 0.264
 2860 0.2622
 2861 0.2574
 2862 0.2575
 2863 0.2617
 2864 0.2685
 2865 0.2646
 2866 0.2614
 2867 0.2519
 2868 0.2605
 2869 0.258
 2870 0.2561
 2871 0.2469
 2872 0.2441
 2873 0.2438
 2874 0.2496
 2875 0.248
 2876 0.2481
 2877 0.2472
 2878 0.2524
 2879 0.2482
 2880 0.246
 2881 0.2496
 2882 0.2453
 2883 0.2416
 2884 0.2441
 2885 0.2353
 2886 0.2402
 2887 0.2431
 2888 0.2443
 2889 0.2559
 2890 0.2573
 2891 0.2633
 2892 0.2613
 2893 0.2549
 2894 0.2541
 2895 0.2591
 2896 0.2632
 2897 0.2596
 2898 0.2538
 2899 0.2639
 2900 0.2569
 2901 0.2583
 2902 0.2663
 2903 0.26
 2904 0.2523
 2905 0.2507
 2906 0.2505
 2907 0.2517
 2908 0.264
 2909 0.2646
 2910 0.2646
 2911 0.2632
 2912 0.2616
 2913 0.2603
 2914 0.2474
 2915 0.2564
 2916 0.2557
 2917 0.2548
 2918 0.2602
 2919 0.2595
 2920 0.2647
 2921 0.2595
 2922 0.2581
 2923 0.2614
 2924 0.2563
 2925 0.2533
 2926 0.2581
 2927 0.2606
 2928 0.2612
 2929 0.2537
 2930 0.2576
 2931 0.2615
 2932 0.2567
 2933 0.2535
 2934 0.2451
 2935 0.245
 2936 0.2492
 2937 0.251
 2938 0.253
 2939 0.2529
 2940 0.2544
 2941 0.2489
 2942 0.2491
 2943 0.2483
 2944 0.2458
 2945 0.2466
 2946 0.2548
 2947 0.2501
 2948 0.2512
 2949 0.2535
 2950 0.2481
 2951 0.2511
 2952 0.251
 2953 0.2621
 2954 0.2651
 2955 0.259
 2956 0.2616
 2957 0.2717
 2958 0.2653
 2959 0.2585
 2960 0.2607
 2961 0.258
 2962 0.2596
 2963 0.2538
 2964 0.2451
 2965 0.2493
 2966 0.2497
 2967 0.2584
 2968 0.2526
 2969 0.255
 2970 0.2639
 2971 0.2709
 2972 0.2598
 2973 0.2581
 2974 0.255
 2975 0.2617
 2976 0.2611
 2977 0.2594
 2978 0.2625
 2979 0.2675
 2980 0.2648
 2981 0.2599
 2982 0.2544
 2983 0.2479
 2984 0.2505
 2985 0.2499
 2986 0.2587
 2987 0.2569
 2988 0.2569
 2989 0.2552
 2990 0.2489
 2991 0.2525
 2992 0.2503
 2993 0.2502
 2994 0.2526
 2995 0.2551
 2996 0.2479
 2997 0.2493
 2998 0.2528
 2999 0.2514
 3000 0.242
 3001 0.2424
 3002 0.2433
 3003 0.2484
 3004 0.2505
 3005 0.2497
 3006 0.2589
 3007 0.2657
 3008 0.2594
 3009 0.2662
 3010 0.2679
 3011 0.2686
 3012 0.2678
 3013 0.2679
 3014 0.2659
 3015 0.2551
 3016 0.2587
 3017 0.2629
 3018 0.2575
 3019 0.2598
 3020 0.2576
 3021 0.2575
 3022 0.2501
 3023 0.2518
 3024 0.2524
 3025 0.2439
 3026 0.2376
 3027 0.2412
 3028 0.2394
 3029 0.2506
 3030 0.2463
 3031 0.2549
 3032 0.2588
 3033 0.2597
 3034 0.2587
 3035 0.2478
 3036 0.2494
 3037 0.2467
 3038 0.2469
 3039 0.2568
 3040 0.2559
 3041 0.2534
 3042 0.2531
 3043 0.2558
 3044 0.2541
 3045 0.2597
 3046 0.2568
 3047 0.2572
 3048 0.2563
 3049 0.2569
 3050 0.2556
 3051 0.2548
 3052 0.252
 3053 0.2614
 3054 0.2651
 3055 0.2665
 3056 0.2593
 3057 0.264
 3058 0.2563
 3059 0.2573
 3060 0.259
 3061 0.2575
 3062 0.2568
 3063 0.2566
 3064 0.2519
 3065 0.2529
 3066 0.2534
 3067 0.2551
 3068 0.26
 3069 0.2466
 3070 0.2511
 3071 0.2504
 3072 0.2481
 3073 0.2438
 3074 0.2395
 3075 0.2394
 3076 0.2424
 3077 0.2423
 3078 0.2473
 3079 0.2476
 3080 0.2536
 3081 0.2566
 3082 0.2522
 3083 0.2532
 3084 0.2549
 3085 0.2623
 3086 0.2689
 3087 0.2661
 3088 0.2654
 3089 0.2638
 3090 0.2534
 3091 0.2498
 3092 0.2548
 3093 0.2538
 3094 0.2575
 3095 0.2582
 3096 0.2544
 3097 0.2548
 3098 0.2568
 3099 0.2536
 3100 0.2528
 3101 0.2465
 3102 0.2481
 3103 0.2456
 3104 0.2608
 3105 0.2614
 3106 0.2662
 3107 0.2575
 3108 0.2641
 3109 0.2705
 3110 0.2681
 3111 0.267
 3112 0.2679
 3113 0.2639
 3114 0.2616
 3115 0.2663
 3116 0.2719
 3117 0.2584
 3118 0.2552
 3119 0.2607
 3120 0.2608
 3121 0.2645
 3122 0.2604
 3123 0.2612
 3124 0.2638
 3125 0.2622
 3126 0.2549
 3127 0.251
 3128 0.2513
 3129 0.2543
 3130 0.2524
 3131 0.2533
 3132 0.2461
 3133 0.2513
 3134 0.2558
 3135 0.267
 3136 0.2567
 3137 0.2543
 3138 0.2547
 3139 0.257
 3140 0.2552
 3141 0.2577
 3142 0.2464
 3143 0.2429
 3144 0.2554
 3145 0.258
 3146 0.2682
 3147 0.271
 3148 0.2714
 3149 0.2733
 3150 0.2793
 3151 0.2832
 3152 0.2752
 3153 0.2647
 3154 0.255
 3155 0.2486
 3156 0.245
 3157 0.2529
 3158 0.2494
 3159 0.2564
 3160 0.2614
 3161 0.2668
 3162 0.2607
 3163 0.2644
 3164 0.265
 3165 0.2565
 3166 0.253
 3167 0.2524
 3168 0.2508
 3169 0.2492
 3170 0.2516
 3171 0.2505
 3172 0.2561
 3173 0.262
 3174 0.2694
 3175 0.2668
 3176 0.2698
 3177 0.2576
 3178 0.2647
 3179 0.2632
 3180 0.2629
 3181 0.2621
 3182 0.2588
 3183 0.2604
 3184 0.2508
 3185 0.2503
 3186 0.2544
 3187 0.248
 3188 0.2547
 3189 0.2605
 3190 0.2643
 3191 0.2559
 3192 0.261
 3193 0.2626
 3194 0.2629
 3195 0.2622
 3196 0.265
 3197 0.264
 3198 0.2699
 3199 0.2658
 3200 0.2621
 3201 0.2581
 3202 0.2529
 3203 0.254
 3204 0.2557
 3205 0.2585
 3206 0.2625
 3207 0.2705
 3208 0.2636
 3209 0.2642
 3210 0.258
 3211 0.2544
 3212 0.2518
 3213 0.2454
 3214 0.2409
 3215 0.2404
 3216 0.2466
 3217 0.25
 3218 0.2484
 3219 0.2504
 3220 0.2531
 3221 0.2564
 3222 0.2581
 3223 0.2523
 3224 0.2532
 3225 0.2598
 3226 0.2577
 3227 0.2541
 3228 0.2538
 3229 0.2511
 3230 0.2576
 3231 0.2565
 3232 0.2549
 3233 0.2473
 3234 0.2449
 3235 0.2454
 3236 0.2467
 3237 0.252
 3238 0.2426
 3239 0.2459
 3240 0.2464
 3241 0.25
 3242 0.2508
 3243 0.2584
 3244 0.2565
 3245 0.248
 3246 0.2485
 3247 0.2489
 3248 0.2543
 3249 0.2605
 3250 0.2543
 3251 0.2613
 3252 0.2655
 3253 0.2605
 3254 0.2618
 3255 0.2545
 3256 0.2584
 3257 0.2603
 3258 0.2531
 3259 0.2566
 3260 0.2581
 3261 0.251
 3262 0.25
 3263 0.2571
 3264 0.2588
 3265 0.2593
 3266 0.2644
 3267 0.2664
 3268 0.2636
 3269 0.272
 3270 0.2653
 3271 0.2623
 3272 0.2566
 3273 0.2629
 3274 0.2556
 3275 0.2522
 3276 0.2438
 3277 0.2414
 3278 0.243
 3279 0.248
 3280 0.2477
 3281 0.2531
 3282 0.258
 3283 0.2618
 3284 0.2637
 3285 0.2633
 3286 0.2659
 3287 0.2644
 3288 0.2643
 3289 0.2542
 3290 0.2526
 3291 0.2473
 3292 0.243
 3293 0.2467
 3294 0.2499
 3295 0.2514
 3296 0.2575
 3297 0.255
 3298 0.2574
 3299 0.2587
 3300 0.2574
 3301 0.2507
 3302 0.2433
 3303 0.2427
 3304 0.2401
 3305 0.2418
 3306 0.2393
 3307 0.2494
 3308 0.2586
 3309 0.2642
 3310 0.2569
 3311 0.2589
 3312 0.2595
 3313 0.2594
 3314 0.259
 3315 0.2535
 3316 0.2467
 3317 0.2572
 3318 0.257
 3319 0.254
 3320 0.2524
 3321 0.2542
 3322 0.2547
 3323 0.265
 3324 0.2638
 3325 0.2615
 3326 0.2595
 3327 0.2573
 3328 0.2574
 3329 0.254
 3330 0.2507
 3331 0.2495
 3332 0.2434
 3333 0.2534
 3334 0.2517
 3335 0.2426
 3336 0.2472
 3337 0.2455
 3338 0.2463
 3339 0.2482
 3340 0.2494
 3341 0.2462
 3342 0.2551
 3343 0.2652
 3344 0.2721
 3345 0.2755
 3346 0.2646
 3347 0.2602
 3348 0.2533
 3349 0.2566
 3350 0.2648
 3351 0.2606
 3352 0.2553
 3353 0.2602
 3354 0.2606
 3355 0.2591
 3356 0.2594
 3357 0.2662
 3358 0.2627
 3359 0.2564
 3360 0.2492
 3361 0.2489
 3362 0.2528
 3363 0.2533
 3364 0.2552
 3365 0.2595
 3366 0.2527
 3367 0.2532
 3368 0.2498
 3369 0.2536
 3370 0.2529
 3371 0.2522
 3372 0.2507
 3373 0.2524
 3374 0.2555
 3375 0.2572
 3376 0.253
 3377 0.2539
 3378 0.252
 3379 0.2506
 3380 0.2506
 3381 0.2516
 3382 0.253
 3383 0.2622
 3384 0.2656
 3385 0.2686
 3386 0.2684
 3387 0.2611
 3388 0.2556
 3389 0.2556
 3390 0.2616
 3391 0.2607
 3392 0.2589
 3393 0.262
 3394 0.2649
 3395 0.2667
 3396 0.2632
 3397 0.255
 3398 0.2469
 3399 0.2387
 3400 0.2438
 3401 0.2411
 3402 0.2459
 3403 0.2411
 3404 0.2409
 3405 0.2435
 3406 0.2506
 3407 0.2481
 3408 0.2456
 3409 0.2519
 3410 0.2569
 3411 0.2513
 3412 0.2521
 3413 0.2533
 3414 0.2564
 3415 0.2546
 3416 0.253
 3417 0.2543
 3418 0.2542
 3419 0.2546
 3420 0.2551
 3421 0.254
 3422 0.2586
 3423 0.2543
 3424 0.2557
 3425 0.2561
 3426 0.2535
 3427 0.2553
 3428 0.2565
 3429 0.2489
 3430 0.2477
 3431 0.2476
 3432 0.2484
 3433 0.2462
 3434 0.2497
 3435 0.2546
 3436 0.2519
 3437 0.2523
 3438 0.2475
 3439 0.2466
 3440 0.2474
 3441 0.2513
 3442 0.2436
 3443 0.2457
 3444 0.2433
 3445 0.2401
 3446 0.242
 3447 0.2481
 3448 0.2482
 3449 0.247
 3450 0.2458
 3451 0.2545
 3452 0.2558
 3453 0.2594
 3454 0.2555
 3455 0.2551
 3456 0.2616
 3457 0.2575
 3458 0.256
 3459 0.2445
 3460 0.2511
 3461 0.2573
 3462 0.2583
 3463 0.2575
 3464 0.2523
 3465 0.253
 3466 0.2495
 3467 0.253
 3468 0.261
 3469 0.2668
 3470 0.2601
 3471 0.2596
 3472 0.2513
 3473 0.2553
 3474 0.2526
 3475 0.2523
 3476 0.2526
 3477 0.2522
 3478 0.254
 3479 0.2568
 3480 0.2546
 3481 0.248
 3482 0.2487
 3483 0.2502
 3484 0.2517
 3485 0.2509
 3486 0.2501
 3487 0.2522
 3488 0.2518
 3489 0.2595
 3490 0.2658
 3491 0.2633
 3492 0.2581
 3493 0.2629
 3494 0.2619
 3495 0.263
 3496 0.2594
 3497 0.2634
 3498 0.2603
 3499 0.2604
 3500 0.2638
 3501 0.2577
 3502 0.259
 3503 0.2559
 3504 0.2525
 3505 0.25
 3506 0.249
 3507 0.2478
 3508 0.2514
 3509 0.2553
 3510 0.2575
 3511 0.2619
 3512 0.2634
 3513 0.2684
 3514 0.2655
 3515 0.2559
 3516 0.2578
 3517 0.2581
 3518 0.2549
 3519 0.2517
 3520 0.2506
 3521 0.2474
 3522 0.2491
 3523 0.2543
 3524 0.2521
 3525 0.2528
 3526 0.2416
 3527 0.2433
 3528 0.2483
 3529 0.2546
 3530 0.2585
 3531 0.2563
 3532 0.2557
 3533 0.2587
 3534 0.2444
 3535 0.2481
 3536 0.2479
 3537 0.2485
 3538 0.2459
 3539 0.2484
 3540 0.2449
 3541 0.2418
 3542 0.243
 3543 0.2481
 3544 0.2652
 3545 0.2686
 3546 0.2679
 3547 0.2621
 3548 0.2592
 3549 0.2567
 3550 0.2585
 3551 0.2616
 3552 0.2617
 3553 0.2555
 3554 0.2552
 3555 0.2568
 3556 0.2547
 3557 0.2566
 3558 0.2599
 3559 0.2558
 3560 0.2515
 3561 0.2602
 3562 0.2492
 3563 0.2514
 3564 0.2558
 3565 0.2487
 3566 0.2483
 3567 0.2422
 3568 0.2477
 3569 0.249
 3570 0.2521
 3571 0.2554
 3572 0.2481
 3573 0.2508
 3574 0.2547
 3575 0.2659
 3576 0.2723
 3577 0.26
 3578 0.2605
 3579 0.2639
 3580 0.2593
 3581 0.2602
 3582 0.2625
 3583 0.2637
 3584 0.2602
 3585 0.2562
 3586 0.2544
 3587 0.2559
 3588 0.2524
 3589 0.2564
 3590 0.2664
 3591 0.2667
 3592 0.2611
 3593 0.2548
 3594 0.2436
 3595 0.2451
 3596 0.249
 3597 0.2543
 3598 0.2495
 3599 0.2603
 3600 0.2675
 3601 0.2679
 3602 0.2597
 3603 0.2584
 3604 0.2536
 3605 0.2503
 3606 0.2558
 3607 0.2576
 3608 0.2556
 3609 0.256
 3610 0.2512
 3611 0.2495
 3612 0.2508
 3613 0.2612
 3614 0.2617
 3615 0.254
 3616 0.2507
 3617 0.2533
 3618 0.2586
 3619 0.2538
 3620 0.2623
 3621 0.2586
 3622 0.2577
 3623 0.2548
 3624 0.2436
 3625 0.2504
 3626 0.2548
 3627 0.2541
 3628 0.2574
 3629 0.2544
 3630 0.2535
 3631 0.2485
 3632 0.2482
 3633 0.2547
 3634 0.2587
 3635 0.2551
 3636 0.2572
 3637 0.2507
 3638 0.2585
 3639 0.2614
 3640 0.2559
 3641 0.2513
 3642 0.2526
 3643 0.2494
 3644 0.2566
 3645 0.2633
 3646 0.2547
 3647 0.249
 3648 0.2534
 3649 0.2569
 3650 0.2646
 3651 0.2702
 3652 0.2641
 3653 0.2639
 3654 0.2596
 3655 0.2534
 3656 0.2534
 3657 0.2558
 3658 0.2607
 3659 0.2627
 3660 0.2643
 3661 0.2633
 3662 0.2597
 3663 0.2495
 3664 0.2519
 3665 0.2556
 3666 0.2599
 3667 0.2574
 3668 0.2519
 3669 0.2495
 3670 0.2448
 3671 0.2532
 3672 0.2527
 3673 0.2533
 3674 0.2565
 3675 0.2565
 3676 0.2564
 3677 0.2573
 3678 0.2589
 3679 0.2601
 3680 0.2626
 3681 0.2616
 3682 0.2536
 3683 0.2449
 3684 0.2427
 3685 0.2408
 3686 0.2493
 3687 0.2517
 3688 0.2457
 3689 0.2485
 3690 0.2549
 3691 0.2495
 3692 0.2532
 3693 0.261
 3694 0.262
 3695 0.2586
 3696 0.2556
 3697 0.2499
 3698 0.2419
 3699 0.2418
 3700 0.2501
 3701 0.254
 3702 0.2612
 3703 0.2664
 3704 0.2662
 3705 0.2634
 3706 0.268
 3707 0.2586
 3708 0.2542
 3709 0.2524
 3710 0.2459
 3711 0.252
 3712 0.2514
 3713 0.2501
 3714 0.2515
 3715 0.247
 3716 0.25
 3717 0.2509
 3718 0.2564
 3719 0.2574
 3720 0.2555
 3721 0.2535
 3722 0.2521
 3723 0.2515
 3724 0.2519
 3725 0.25
 3726 0.2536
 3727 0.2581
 3728 0.2608
 3729 0.2629
 3730 0.2537
 3731 0.2532
 3732 0.2461
 3733 0.2459
 3734 0.24
 3735 0.2394
 3736 0.2469
 3737 0.2493
 3738 0.2546
 3739 0.2507
 3740 0.2581
 3741 0.2542
 3742 0.2598
 3743 0.2528
 3744 0.2592
 3745 0.2556
 3746 0.2539
 3747 0.2555
 3748 0.259
 3749 0.2532
 3750 0.2619
 3751 0.2556
 3752 0.2507
 3753 0.2467
 3754 0.2501
 3755 0.2464
 3756 0.2523
 3757 0.2579
 3758 0.2553
 3759 0.2577
 3760 0.2554
 3761 0.2518
 3762 0.2502
 3763 0.2564
 3764 0.2479
 3765 0.2511
 3766 0.2448
 3767 0.2477
 3768 0.2552
 3769 0.2533
 3770 0.25
 3771 0.2485
 3772 0.2533
 3773 0.2646
 3774 0.2618
 3775 0.2616
 3776 0.2651
 3777 0.2553
 3778 0.258
 3779 0.2568
 3780 0.2512
 3781 0.2478
 3782 0.2523
 3783 0.2484
 3784 0.2512
 3785 0.2588
 3786 0.2566
 3787 0.2546
 3788 0.2567
 3789 0.2652
 3790 0.2657
 3791 0.2588
 3792 0.2549
 3793 0.2538
 3794 0.255
 3795 0.2535
 3796 0.2562
 3797 0.2569
 3798 0.2538
 3799 0.2508
 3800 0.2474
 3801 0.2532
 3802 0.2473
 3803 0.2458
 3804 0.2431
 3805 0.2455
 3806 0.2572
 3807 0.262
 3808 0.2575
 3809 0.2534
 3810 0.2573
 3811 0.2516
 3812 0.2547
 3813 0.2533
 3814 0.26
 3815 0.2584
 3816 0.2531
 3817 0.254
 3818 0.2536
 3819 0.2588
 3820 0.2555
 3821 0.2483
 3822 0.2517
 3823 0.2674
 3824 0.263
 3825 0.2559
 3826 0.257
 3827 0.2543
 3828 0.253
 3829 0.256
 3830 0.2542
 3831 0.2563
 3832 0.2557
 3833 0.2523
 3834 0.2548
 3835 0.2531
 3836 0.2554
 3837 0.2582
 3838 0.2598
 3839 0.2642
 3840 0.2653
 3841 0.2652
 3842 0.2545
 3843 0.2627
 3844 0.2612
 3845 0.2508
 3846 0.2473
 3847 0.2502
 3848 0.2476
 3849 0.2407
 3850 0.2458
 3851 0.2505
 3852 0.2426
 3853 0.2493
 3854 0.2487
 3855 0.2326
 3856 0.2366
 3857 0.2435
 3858 0.242
 3859 0.248
 3860 0.2512
 3861 0.2592
 3862 0.2659
 3863 0.2694
 3864 0.2714
 3865 0.2642
 3866 0.2599
 3867 0.2481
 3868 0.2444
 3869 0.2344
 3870 0.238
 3871 0.2492
 3872 0.2553
 3873 0.2575
 3874 0.2483
 3875 0.2511
 3876 0.2538
 3877 0.2507
 3878 0.252
 3879 0.2543
 3880 0.2469
 3881 0.2527
 3882 0.2576
 3883 0.2553
 3884 0.2552
 3885 0.2523
 3886 0.2533
 3887 0.256
 3888 0.2524
 3889 0.2496
 3890 0.2505
 3891 0.2543
 3892 0.262
 3893 0.2627
 3894 0.2561
 3895 0.2487
 3896 0.2355
 3897 0.2356
 3898 0.24
 3899 0.2455
 3900 0.2463
 3901 0.2466
 3902 0.2521
 3903 0.2484
 3904 0.2558
 3905 0.259
 3906 0.2644
 3907 0.2622
 3908 0.2582
 3909 0.2588
 3910 0.2566
 3911 0.2512
 3912 0.2544
 3913 0.2457
 3914 0.2487
 3915 0.2505
 3916 0.2456
 3917 0.2558
 3918 0.2673
 3919 0.2592
 3920 0.26
 3921 0.2659
 3922 0.27
 3923 0.2539
 3924 0.2561
 3925 0.253
 3926 0.2576
 3927 0.2566
 3928 0.2539
 3929 0.2494
 3930 0.2508
 3931 0.2509
 3932 0.2534
 3933 0.2528
 3934 0.2522
 3935 0.2559
 3936 0.2542
 3937 0.2518
 3938 0.2489
 3939 0.244
 3940 0.2485
 3941 0.2523
 3942 0.2549
 3943 0.2564
 3944 0.2561
 3945 0.2492
 3946 0.2478
 3947 0.2464
 3948 0.2464
 3949 0.2512
 3950 0.2512
 3951 0.259
 3952 0.2596
 3953 0.2576
 3954 0.253
 3955 0.2515
 3956 0.2433
 3957 0.2488
 3958 0.2486
 3959 0.2542
 3960 0.2513
 3961 0.2525
 3962 0.2578
 3963 0.2616
 3964 0.2604
 3965 0.2551
 3966 0.2648
 3967 0.2634
 3968 0.2633
 3969 0.2623
 3970 0.2556
 3971 0.252
 3972 0.242
 3973 0.25
 3974 0.2532
 3975 0.2618
 3976 0.2616
 3977 0.2629
 3978 0.2592
 3979 0.2547
 3980 0.251
 3981 0.2548
 3982 0.2543
 3983 0.26
 3984 0.2483
 3985 0.2469
 3986 0.2469
 3987 0.2482
 3988 0.2471
 3989 0.2463
 3990 0.2461
 3991 0.2574
 3992 0.2519
 3993 0.2481
 3994 0.2466
 3995 0.2583
 3996 0.2536
 3997 0.2552
 3998 0.2577
 3999 0.2559
 4000 0.2614
 4001 0.2574
 4002 0.2514
 4003 0.2543
 4004 0.2632
 4005 0.2627
 4006 0.2575
 4007 0.2587
 4008 0.2565
 4009 0.2576
 4010 0.2584
 4011 0.2578
 4012 0.2576
 4013 0.2544
 4014 0.2496
 4015 0.2555
 4016 0.2685
 4017 0.2712
 4018 0.2766
 4019 0.2704
 4020 0.2701
 4021 0.2617
 4022 0.2592
 4023 0.2606
 4024 0.2617
 4025 0.2623
 4026 0.2695
 4027 0.2735
 4028 0.2711
 4029 0.265
 4030 0.2673
 4031 0.2706
 4032 0.2642
 4033 0.2621
 4034 0.2623
 4035 0.2616
 4036 0.2609
 4037 0.2542
 4038 0.2533
 4039 0.2543
 4040 0.2575
 4041 0.2578
 4042 0.2661
 4043 0.2645
 4044 0.2578
 4045 0.2526
 4046 0.2516
 4047 0.2499
 4048 0.2488
 4049 0.2519
 4050 0.2525
 4051 0.2479
 4052 0.2459
 4053 0.2511
 4054 0.2544
 4055 0.2632
 4056 0.2707
 4057 0.262
 4058 0.262
 4059 0.2562
 4060 0.2543
 4061 0.2572
 4062 0.2673
 4063 0.2667
 4064 0.2698
 4065 0.2635
 4066 0.2557
 4067 0.2527
 4068 0.2597
 4069 0.2507
 4070 0.246
 4071 0.242
 4072 0.2488
 4073 0.257
 4074 0.2469
 4075 0.2572
 4076 0.2634
 4077 0.2734
 4078 0.2616
 4079 0.2559
 4080 0.2421
 4081 0.2401
 4082 0.2374
 4083 0.2415
 4084 0.2449
 4085 0.2488
 4086 0.2511
 4087 0.2543
 4088 0.2515
 4089 0.2581
 4090 0.2595
 4091 0.2693
 4092 0.2652
 4093 0.265
 4094 0.2609
 4095 0.2605
 4096 0.2604
 4097 0.2609
 4098 0.2709
 4099 0.2666
 4100 0.2574
 4101 0.2561
 4102 0.2555
 4103 0.2532
 4104 0.2597
 4105 0.2523
 4106 0.258
 4107 0.2551
 4108 0.2571
 4109 0.2596
 4110 0.255
 4111 0.2545
 4112 0.2522
 4113 0.2518
 4114 0.2554
 4115 0.2605
 4116 0.2554
 4117 0.2508
 4118 0.2522
 4119 0.2545
 4120 0.2524
 4121 0.247
 4122 0.2467
 4123 0.2405
 4124 0.242
 4125 0.2419
 4126 0.2364
 4127 0.2456
 4128 0.2487
 4129 0.2544
 4130 0.2516
 4131 0.2551
 4132 0.2548
 4133 0.2476
 4134 0.2432
 4135 0.2394
 4136 0.2381
 4137 0.2457
 4138 0.2515
 4139 0.2499
 4140 0.254
 4141 0.2585
 4142 0.2591
 4143 0.2619
 4144 0.2663
 4145 0.2609
 4146 0.2659
 4147 0.2628
 4148 0.2592
 4149 0.2615
 4150 0.2628
 4151 0.2502
 4152 0.2478
 4153 0.2493
 4154 0.2506
 4155 0.2494
 4156 0.2558
 4157 0.2536
 4158 0.2518
 4159 0.2513
 4160 0.2538
 4161 0.2509
 4162 0.2468
 4163 0.25
 4164 0.2492
 4165 0.2523
 4166 0.2501
 4167 0.2477
 4168 0.2508
 4169 0.2582
 4170 0.2558
 4171 0.2586
 4172 0.2601
 4173 0.2586
 4174 0.2607
 4175 0.2626
 4176 0.2685
 4177 0.2627
 4178 0.2702
 4179 0.2699
 4180 0.2655
 4181 0.2556
 4182 0.2524
 4183 0.244
 4184 0.2498
 4185 0.248
 4186 0.2464
 4187 0.2508
 4188 0.2552
 4189 0.2588
 4190 0.2602
 4191 0.2592
 4192 0.2643
 4193 0.2628
 4194 0.2629
 4195 0.2572
 4196 0.2621
 4197 0.2629
 4198 0.2574
 4199 0.2581
 4200 0.2567
 4201 0.2567
 4202 0.2629
 4203 0.2667
 4204 0.2663
 4205 0.2634
 4206 0.2571
 4207 0.243
 4208 0.2515
 4209 0.2543
 4210 0.2575
 4211 0.2651
 4212 0.2634
 4213 0.2592
 4214 0.2604
 4215 0.2594
 4216 0.2606
 4217 0.2567
 4218 0.2623
 4219 0.2536
 4220 0.2509
 4221 0.2565
 4222 0.2542
 4223 0.2592
 4224 0.2681
 4225 0.2611
 4226 0.2609
 4227 0.2578
 4228 0.2607
 4229 0.2648
 4230 0.2644
 4231 0.2626
 4232 0.2685
 4233 0.2666
 4234 0.2596
 4235 0.2533
 4236 0.2573
 4237 0.2616
 4238 0.2592
 4239 0.2644
 4240 0.2678
 4241 0.2579
 4242 0.2519
 4243 0.252
 4244 0.2492
 4245 0.2471
 4246 0.2493
 4247 0.2483
 4248 0.2492
 4249 0.2476
 4250 0.2537
 4251 0.2602
 4252 0.2582
 4253 0.2614
 4254 0.261
 4255 0.2633
 4256 0.2652
 4257 0.2647
 4258 0.2622
 4259 0.257
 4260 0.2563
 4261 0.254
 4262 0.2483
 4263 0.2528
 4264 0.2517
 4265 0.2618
 4266 0.2577
 4267 0.259
 4268 0.2589
 4269 0.2517
 4270 0.2536
 4271 0.2499
 4272 0.2452
 4273 0.2487
 4274 0.2537
 4275 0.257
 4276 0.2584
 4277 0.2518
 4278 0.2585
 4279 0.2576
 4280 0.2625
 4281 0.2618
 4282 0.2616
 4283 0.2604
 4284 0.2578
 4285 0.2536
 4286 0.2538
 4287 0.2498
 4288 0.2512
 4289 0.2493
 4290 0.2506
 4291 0.2542
 4292 0.256
 4293 0.2564
 4294 0.2595
 4295 0.2547
 4296 0.2584
 4297 0.2554
 4298 0.2543
 4299 0.2502
 4300 0.2553
 4301 0.2569
 4302 0.2493
 4303 0.2559
 4304 0.2504
 4305 0.2562
 4306 0.2664
 4307 0.2689
 4308 0.2669
 4309 0.2627
 4310 0.2656
 4311 0.2661
 4312 0.2542
 4313 0.2543
 4314 0.2512
 4315 0.2521
 4316 0.2469
 4317 0.2462
 4318 0.2518
 4319 0.2543
 4320 0.2493
 4321 0.2512
 4322 0.2491
 4323 0.2486
 4324 0.2488
 4325 0.2546
 4326 0.2664
 4327 0.2593
 4328 0.2538
 4329 0.2505
 4330 0.2527
 4331 0.2534
 4332 0.2583
 4333 0.2626
 4334 0.2518
 4335 0.2522
 4336 0.2502
 4337 0.243
 4338 0.2452
 4339 0.2552
 4340 0.2587
 4341 0.2637
 4342 0.2601
 4343 0.2547
 4344 0.2506
 4345 0.251
 4346 0.2494
 4347 0.255
 4348 0.2596
 4349 0.2659
 4350 0.257
 4351 0.2638
 4352 0.2665
 4353 0.2616
 4354 0.2505
 4355 0.244
 4356 0.2422
 4357 0.2428
 4358 0.2509
 4359 0.2564
 4360 0.2587
 4361 0.2673
 4362 0.2657
 4363 0.2684
 4364 0.2735
 4365 0.274
 4366 0.2748
 4367 0.2593
 4368 0.2622
 4369 0.2616
 4370 0.2616
 4371 0.2569
 4372 0.2544
 4373 0.2635
 4374 0.2613
 4375 0.2566
 4376 0.2551
 4377 0.2546
 4378 0.2561
 4379 0.2602
 4380 0.2666
 4381 0.2721
 4382 0.2695
 4383 0.2675
 4384 0.2605
 4385 0.2558
 4386 0.2468
 4387 0.2532
 4388 0.2537
 4389 0.2587
 4390 0.2511
 4391 0.2551
 4392 0.2442
 4393 0.2444
 4394 0.2477
 4395 0.2482
 4396 0.2533
 4397 0.2448
 4398 0.2404
 4399 0.2464
 4400 0.2531
 4401 0.2526
 4402 0.252
 4403 0.2524
 4404 0.2506
 4405 0.2535
 4406 0.2542
 4407 0.2487
 4408 0.2546
 4409 0.2533
 4410 0.2534
 4411 0.2568
 4412 0.2589
 4413 0.2648
 4414 0.257
 4415 0.2562
 4416 0.2656
 4417 0.2584
 4418 0.2601
 4419 0.2563
 4420 0.2548
 4421 0.2523
 4422 0.247
 4423 0.2433
 4424 0.2439
 4425 0.2491
 4426 0.247
 4427 0.2473
 4428 0.2465
 4429 0.257
 4430 0.2512
 4431 0.2554
 4432 0.2531
 4433 0.2513
 4434 0.2494
 4435 0.2482
 4436 0.2505
 4437 0.2578
 4438 0.253
 4439 0.257
 4440 0.2631
 4441 0.2603
 4442 0.2614
 4443 0.2613
 4444 0.2608
 4445 0.2593
 4446 0.2518
 4447 0.2565
 4448 0.2519
 4449 0.2503
 4450 0.2551
 4451 0.2498
 4452 0.2519
 4453 0.2577
 4454 0.2591
 4455 0.2595
 4456 0.2568
 4457 0.2553
 4458 0.2549
 4459 0.2564
 4460 0.2551
 4461 0.254
 4462 0.2565
 4463 0.2563
 4464 0.2538
 4465 0.2502
 4466 0.2552
 4467 0.2621
 4468 0.2588
 4469 0.2524
 4470 0.2576
 4471 0.2627
 4472 0.2671
 4473 0.2632
 4474 0.2531
 4475 0.254
 4476 0.2546
 4477 0.2498
 4478 0.2492
 4479 0.2499
 4480 0.2533
 4481 0.2589
 4482 0.2679
 4483 0.265
 4484 0.2516
 4485 0.2556
 4486 0.2581
 4487 0.255
 4488 0.2576
 4489 0.2553
 4490 0.2591
 4491 0.2564
 4492 0.2556
 4493 0.2649
 4494 0.2647
 4495 0.2615
 4496 0.2562
 4497 0.2619
 4498 0.2696
 4499 0.2736
 4500 0.2672
 4501 0.2605
 4502 0.2566
 4503 0.2511
 4504 0.2602
 4505 0.2647
 4506 0.2591
 4507 0.2568
 4508 0.2512
 4509 0.2572
 4510 0.2512
 4511 0.2614
 4512 0.2546
 4513 0.2507
 4514 0.2554
 4515 0.2539
 4516 0.2512
 4517 0.2551
 4518 0.2531
 4519 0.2508
 4520 0.2558
 4521 0.2512
 4522 0.2517
 4523 0.2614
 4524 0.2586
 4525 0.259
 4526 0.2622
 4527 0.2559
 4528 0.2569
 4529 0.2581
 4530 0.2576
 4531 0.2596
 4532 0.258
 4533 0.2482
 4534 0.247
 4535 0.259
 4536 0.2628
 4537 0.2604
 4538 0.2636
 4539 0.2543
 4540 0.2466
 4541 0.2467
 4542 0.2474
 4543 0.2539
 4544 0.2628
 4545 0.2554
 4546 0.2557
 4547 0.2522
 4548 0.26
 4549 0.2554
 4550 0.253
 4551 0.2492
 4552 0.2461
 4553 0.2371
 4554 0.2481
 4555 0.2451
 4556 0.2512
 4557 0.2487
 4558 0.2621
 4559 0.2512
 4560 0.2543
 4561 0.2501
 4562 0.2541
 4563 0.2515
 4564 0.2597
 4565 0.2595
 4566 0.2579
 4567 0.2613
 4568 0.2587
 4569 0.2593
 4570 0.2608
 4571 0.2524
 4572 0.2516
 4573 0.2542
 4574 0.2521
 4575 0.2493
 4576 0.2604
 4577 0.2681
 4578 0.2589
 4579 0.2608
 4580 0.2514
 4581 0.2531
 4582 0.2573
 4583 0.2543
 4584 0.2478
 4585 0.2506
 4586 0.2518
 4587 0.2552
 4588 0.2562
 4589 0.2621
 4590 0.2598
 4591 0.2524
 4592 0.2535
 4593 0.2552
 4594 0.2531
 4595 0.2529
 4596 0.2501
 4597 0.2523
 4598 0.2552
 4599 0.2632
 4600 0.2613
 4601 0.2601
 4602 0.2537
 4603 0.2574
 4604 0.2515
 4605 0.253
 4606 0.2574
 4607 0.2524
 4608 0.2477
 4609 0.2548
 4610 0.2585
 4611 0.2544
 4612 0.2456
 4613 0.2487
 4614 0.2441
 4615 0.2473
 4616 0.2389
 4617 0.2435
 4618 0.2419
 4619 0.2396
 4620 0.2384
 4621 0.2404
 4622 0.2441
 4623 0.2511
 4624 0.2494
 4625 0.2459
 4626 0.2455
 4627 0.2493
 4628 0.2509
 4629 0.2498
 4630 0.2541
 4631 0.2513
 4632 0.2556
 4633 0.2546
 4634 0.251
 4635 0.2556
 4636 0.2583
 4637 0.2572
 4638 0.263
 4639 0.2617
 4640 0.2648
 4641 0.2609
 4642 0.2605
 4643 0.2463
 4644 0.2424
 4645 0.2414
 4646 0.2482
 4647 0.2562
 4648 0.2539
 4649 0.2538
 4650 0.2608
 4651 0.264
 4652 0.2662
 4653 0.266
 4654 0.2604
 4655 0.2572
 4656 0.2648
 4657 0.2679
 4658 0.2653
 4659 0.2669
 4660 0.2643
 4661 0.2637
 4662 0.263
 4663 0.2624
 4664 0.2574
 4665 0.256
 4666 0.2628
 4667 0.2619
 4668 0.2519
 4669 0.2583
 4670 0.2575
 4671 0.2618
 4672 0.2567
 4673 0.2565
 4674 0.2583
 4675 0.2587
 4676 0.2638
 4677 0.2626
 4678 0.2619
 4679 0.255
 4680 0.2532
 4681 0.254
 4682 0.2509
 4683 0.2564
 4684 0.2547
 4685 0.2485
 4686 0.2473
 4687 0.2583
 4688 0.2587
 4689 0.2594
 4690 0.2643
 4691 0.2536
 4692 0.2545
 4693 0.2538
 4694 0.2558
 4695 0.2567
 4696 0.25
 4697 0.248
 4698 0.2572
 4699 0.2557
 4700 0.258
 4701 0.2595
 4702 0.2649
 4703 0.2655
 4704 0.2668
 4705 0.2558
 4706 0.261
 4707 0.2534
 4708 0.2576
 4709 0.258
 4710 0.2622
 4711 0.2607
 4712 0.2542
 4713 0.2535
 4714 0.25
 4715 0.2549
 4716 0.2607
 4717 0.2592
 4718 0.2613
 4719 0.2582
 4720 0.253
 4721 0.2576
 4722 0.2602
 4723 0.2599
 4724 0.2611
 4725 0.2695
 4726 0.269
 4727 0.2706
 4728 0.2704
 4729 0.2668
 4730 0.2562
 4731 0.2535
 4732 0.2454
 4733 0.2493
 4734 0.2426
 4735 0.2457
 4736 0.2451
 4737 0.248
 4738 0.2476
 4739 0.2472
 4740 0.2543
 4741 0.2568
 4742 0.2536
 4743 0.2572
 4744 0.2616
 4745 0.2626
 4746 0.2589
 4747 0.261
 4748 0.2535
 4749 0.2525
 4750 0.258
 4751 0.2543
 4752 0.2534
 4753 0.2565
 4754 0.2545
 4755 0.2563
 4756 0.256
 4757 0.2637
 4758 0.2615
 4759 0.2625
 4760 0.2671
 4761 0.2602
 4762 0.2584
 4763 0.2515
 4764 0.2478
 4765 0.2485
 4766 0.2465
 4767 0.2511
 4768 0.2538
 4769 0.2566
 4770 0.2514
 4771 0.2538
 4772 0.2565
 4773 0.2591
 4774 0.2544
 4775 0.2532
 4776 0.2475
 4777 0.2509
 4778 0.2588
 4779 0.2543
 4780 0.2579
 4781 0.2634
 4782 0.2587
 4783 0.2555
 4784 0.2504
 4785 0.2507
 4786 0.2431
 4787 0.2458
 4788 0.2449
 4789 0.2503
 4790 0.2483
 4791 0.2456
 4792 0.2538
 4793 0.2575
 4794 0.2541
 4795 0.2543
 4796 0.2463
 4797 0.2487
 4798 0.2512
 4799 0.2564
 4800 0.252
 4801 0.2511
 4802 0.2572
 4803 0.2536
 4804 0.2436
 4805 0.2487
 4806 0.2396
 4807 0.2412
 4808 0.2422
 4809 0.2437
 4810 0.246
 4811 0.2555
 4812 0.2545
 4813 0.2489
 4814 0.2514
 4815 0.2527
 4816 0.2601
 4817 0.2593
 4818 0.2615
 4819 0.2621
 4820 0.2535
 4821 0.2518
 4822 0.2608
 4823 0.2593
 4824 0.2612
 4825 0.2637
 4826 0.2632
 4827 0.2719
 4828 0.2697
 4829 0.2642
 4830 0.2643
 4831 0.252
 4832 0.2485
 4833 0.2494
 4834 0.262
 4835 0.2548
 4836 0.2501
 4837 0.2547
 4838 0.2489
 4839 0.2552
 4840 0.2581
 4841 0.2587
 4842 0.2621
 4843 0.2668
 4844 0.2632
 4845 0.2698
 4846 0.2663
 4847 0.2599
 4848 0.2573
 4849 0.2515
 4850 0.2487
 4851 0.2405
 4852 0.2524
 4853 0.2551
 4854 0.2589
 4855 0.2596
 4856 0.2642
 4857 0.2682
 4858 0.2616
 4859 0.2578
 4860 0.2527
 4861 0.2478
 4862 0.2506
 4863 0.2512
 4864 0.254
 4865 0.2536
 4866 0.2539
 4867 0.2541
 4868 0.2567
 4869 0.2583
 4870 0.253
 4871 0.2534
 4872 0.2575
 4873 0.2533
 4874 0.2554
 4875 0.2539
 4876 0.2533
 4877 0.2521
 4878 0.2576
 4879 0.2632
 4880 0.2624
 4881 0.2626
 4882 0.2584
 4883 0.2578
 4884 0.2546
 4885 0.2574
 4886 0.2587
 4887 0.2598
 4888 0.2615
 4889 0.2541
 4890 0.2581
 4891 0.2667
 4892 0.2632
 4893 0.2651
 4894 0.2604
 4895 0.2516
 4896 0.2469
 4897 0.2532
 4898 0.2557
 4899 0.2526
 4900 0.2469
 4901 0.2484
 4902 0.2534
 4903 0.2519
 4904 0.2456
 4905 0.2479
 4906 0.2489
 4907 0.2493
 4908 0.2564
 4909 0.2475
 4910 0.2473
 4911 0.2512
 4912 0.2527
 4913 0.2487
 4914 0.2513
 4915 0.2526
 4916 0.2537
 4917 0.2573
 4918 0.2567
 4919 0.2565
 4920 0.2634
 4921 0.2658
 4922 0.2647
 4923 0.2619
 4924 0.254
 4925 0.2578
 4926 0.2676
 4927 0.2632
 4928 0.2605
 4929 0.2641
 4930 0.264
 4931 0.2642
 4932 0.2598
 4933 0.2643
 4934 0.2645
 4935 0.2643
 4936 0.2629
 4937 0.2648
 4938 0.2644
 4939 0.2559
 4940 0.2595
 4941 0.2548
 4942 0.2593
 4943 0.2587
 4944 0.2553
 4945 0.2571
 4946 0.2584
 4947 0.2525
 4948 0.2637
 4949 0.2661
 4950 0.2616
 4951 0.2572
 4952 0.2593
 4953 0.2576
 4954 0.2561
 4955 0.2565
 4956 0.2456
 4957 0.2471
 4958 0.2451
 4959 0.2483
 4960 0.2536
 4961 0.2482
 4962 0.2494
 4963 0.2536
 4964 0.2501
 4965 0.2454
 4966 0.2498
 4967 0.2603
 4968 0.2604
 4969 0.2593
 4970 0.2582
 4971 0.2611
 4972 0.2685
 4973 0.2656
 4974 0.2627
 4975 0.2506
 4976 0.2454
 4977 0.2445
 4978 0.2481
 4979 0.2589
 4980 0.2517
 4981 0.2451
 4982 0.251
 4983 0.2511
 4984 0.2461
 4985 0.2494
 4986 0.2521
 4987 0.2522
 4988 0.2625
 4989 0.2596
 4990 0.261
 4991 0.2698
 4992 0.2676
 4993 0.2581
 4994 0.254
 4995 0.2472
 4996 0.2497
 4997 0.2525
 4998 0.2589
 4999 0.2597
 5000 0.2585
 5001 0.2667
 5002 0.2688
 5003 0.2601
 5004 0.2508
 5005 0.2522
 5006 0.2555
 5007 0.255
 5008 0.2603
 5009 0.2605
 5010 0.2515
 5011 0.2526
 5012 0.2573
 5013 0.2594
 5014 0.2616
 5015 0.264
 5016 0.2568
 5017 0.261
 5018 0.2579
 5019 0.2503
 5020 0.2576
 5021 0.2509
 5022 0.2514
 5023 0.2592
 5024 0.2532
 5025 0.2479
 5026 0.2526
 5027 0.2547
 5028 0.2526
 5029 0.2547
 5030 0.2522
 5031 0.2589
 5032 0.2604
 5033 0.2569
 5034 0.2468
 5035 0.2454
 5036 0.2387
 5037 0.2407
 5038 0.2456
 5039 0.2439
 5040 0.2492
 5041 0.2493
 5042 0.2439
 5043 0.2489
 5044 0.2446
 5045 0.2523
 5046 0.2568
 5047 0.2602
 5048 0.2562
 5049 0.2553
 5050 0.2605
 5051 0.2588
 5052 0.2603
 5053 0.2634
 5054 0.2638
 5055 0.2655
 5056 0.2556
 5057 0.2575
 5058 0.2608
 5059 0.2628
 5060 0.2574
 5061 0.2531
 5062 0.2546
 5063 0.2564
 5064 0.2561
 5065 0.2522
 5066 0.2518
 5067 0.2558
 5068 0.253
 5069 0.2539
 5070 0.2467
 5071 0.249
 5072 0.247
 5073 0.2447
 5074 0.2484
 5075 0.2417
 5076 0.2425
 5077 0.2512
 5078 0.2563
 5079 0.2522
 5080 0.2522
 5081 0.2603
 5082 0.2601
 5083 0.2534
 5084 0.2468
 5085 0.2521
 5086 0.2515
 5087 0.2545
 5088 0.2469
 5089 0.2452
 5090 0.2459
 5091 0.2586
 5092 0.2542
 5093 0.2625
 5094 0.2586
 5095 0.267
 5096 0.2729
 5097 0.2747
 5098 0.275
 5099 0.2691
 5100 0.2683
 5101 0.2647
 5102 0.265
 5103 0.2629
 5104 0.2702
 5105 0.2628
 5106 0.2562
 5107 0.2575
 5108 0.2545
 5109 0.2603
 5110 0.2641
 5111 0.2649
 5112 0.2679
 5113 0.2613
 5114 0.2494
 5115 0.2522
 5116 0.2529
 5117 0.257
 5118 0.2557
 5119 0.2571
 5120 0.2671
 5121 0.2651
 5122 0.2696
 5123 0.2613
 5124 0.2625
 5125 0.2545
 5126 0.2548
 5127 0.2601
 5128 0.2589
 5129 0.2528
 5130 0.2596
 5131 0.259
 5132 0.2539
 5133 0.2537
 5134 0.2509
 5135 0.2509
 5136 0.2471
 5137 0.2474
 5138 0.2481
 5139 0.2568
 5140 0.2543
 5141 0.2543
 5142 0.2562
 5143 0.2538
 5144 0.2568
 5145 0.2492
 5146 0.2557
 5147 0.2551
 5148 0.2512
 5149 0.2496
 5150 0.2548
 5151 0.2573
 5152 0.2565
 5153 0.2555
 5154 0.2493
 5155 0.2571
 5156 0.2623
 5157 0.264
 5158 0.2582
 5159 0.2564
 5160 0.2557
 5161 0.2586
 5162 0.2558
 5163 0.255
 5164 0.2506
 5165 0.2506
 5166 0.25
 5167 0.2512
 5168 0.2618
 5169 0.2634
 5170 0.2667
 5171 0.2633
 5172 0.2664
 5173 0.2681
 5174 0.2618
 5175 0.2605
 5176 0.258
 5177 0.2583
 5178 0.2576
 5179 0.249
 5180 0.249
 5181 0.2528
 5182 0.2527
 5183 0.2545
 5184 0.2511
 5185 0.2493
 5186 0.2512
 5187 0.2548
 5188 0.2543
 5189 0.2631
 5190 0.2583
 5191 0.2516
 5192 0.2468
 5193 0.2514
 5194 0.2512
 5195 0.2505
 5196 0.2608
 5197 0.2517
 5198 0.2488
 5199 0.2486
 5200 0.2459
 5201 0.2529
 5202 0.2456
 5203 0.2472
 5204 0.2499
 5205 0.2465
 5206 0.2472
 5207 0.2516
 5208 0.2506
 5209 0.2477
 5210 0.2541
 5211 0.258
 5212 0.2566
 5213 0.2608
 5214 0.2601
 5215 0.2544
 5216 0.2495
 5217 0.2514
 5218 0.2571
 5219 0.256
 5220 0.2527
 5221 0.2518
 5222 0.2482
 5223 0.2521
 5224 0.2477
 5225 0.2553
 5226 0.2521
 5227 0.2579
 5228 0.255
 5229 0.2548
 5230 0.2562
 5231 0.2536
 5232 0.2583
 5233 0.259
 5234 0.256
 5235 0.2508
 5236 0.2471
 5237 0.2593
 5238 0.2635
 5239 0.2576
 5240 0.2536
 5241 0.2517
 5242 0.2588
 5243 0.2648
 5244 0.2649
 5245 0.2651
 5246 0.2651
 5247 0.2701
 5248 0.2568
 5249 0.2635
 5250 0.2599
 5251 0.2562
 5252 0.2637
 5253 0.2634
 5254 0.2608
 5255 0.2544
 5256 0.2549
 5257 0.2481
 5258 0.2486
 5259 0.2508
 5260 0.253
 5261 0.2553
 5262 0.2556
 5263 0.2612
 5264 0.2542
 5265 0.2586
 5266 0.2695
 5267 0.2648
 5268 0.2671
 5269 0.2667
 5270 0.2604
 5271 0.2644
 5272 0.2514
 5273 0.2525
 5274 0.2556
 5275 0.2475
 5276 0.2481
 5277 0.2486
 5278 0.2457
 5279 0.2512
 5280 0.2529
 5281 0.261
 5282 0.2615
 5283 0.2572
 5284 0.2471
 5285 0.25
 5286 0.2482
 5287 0.2409
 5288 0.2406
 5289 0.2437
 5290 0.2494
 5291 0.2483
 5292 0.2438
 5293 0.2443
 5294 0.2437
 5295 0.2511
 5296 0.2569
 5297 0.2507
 5298 0.2492
 5299 0.2542
 5300 0.252
 5301 0.2596
 5302 0.2636
 5303 0.2577
 5304 0.259
 5305 0.2553
 5306 0.2528
 5307 0.2472
 5308 0.2489
 5309 0.2503
 5310 0.2637
 5311 0.257
 5312 0.2527
 5313 0.2534
 5314 0.2434
 5315 0.2403
 5316 0.2399
 5317 0.2452
 5318 0.2549
 5319 0.2545
 5320 0.2488
 5321 0.2563
 5322 0.2594
 5323 0.2654
 5324 0.2621
 5325 0.2635
 5326 0.2723
 5327 0.2731
 5328 0.261
 5329 0.2581
 5330 0.2667
 5331 0.2632
 5332 0.2581
 5333 0.257
 5334 0.2571
 5335 0.2536
 5336 0.2622
 5337 0.2611
 5338 0.2658
 5339 0.2595
 5340 0.255
 5341 0.2555
 5342 0.2452
 5343 0.2469
 5344 0.2578
 5345 0.2533
 5346 0.25
 5347 0.2485
 5348 0.2481
 5349 0.2557
 5350 0.2556
 5351 0.2545
 5352 0.2588
 5353 0.2586
 5354 0.2635
 5355 0.2549
 5356 0.2558
 5357 0.2555
 5358 0.2513
 5359 0.2482
 5360 0.2472
 5361 0.2529
 5362 0.2557
 5363 0.2582
 5364 0.2616
 5365 0.2526
 5366 0.2555
 5367 0.2648
 5368 0.2649
 5369 0.2659
 5370 0.2642
 5371 0.2651
 5372 0.2546
 5373 0.2493
 5374 0.2444
 5375 0.2472
 5376 0.2523
 5377 0.2557
 5378 0.2536
 5379 0.2509
 5380 0.2565
 5381 0.2563
 5382 0.2575
 5383 0.2568
 5384 0.2526
 5385 0.2557
 5386 0.2531
 5387 0.2548
 5388 0.2588
 5389 0.2556
 5390 0.2625
 5391 0.2679
 5392 0.2619
 5393 0.2564
 5394 0.2579
 5395 0.2481
 5396 0.2444
 5397 0.2482
 5398 0.2474
 5399 0.2451
 5400 0.2411
 5401 0.2478
 5402 0.2518
 5403 0.2547
 5404 0.2484
 5405 0.2458
 5406 0.2544
 5407 0.2502
 5408 0.2446
 5409 0.2568
 5410 0.2599
 5411 0.2637
 5412 0.2631
 5413 0.2576
 5414 0.2613
 5415 0.2601
 5416 0.2653
 5417 0.2658
 5418 0.2629
 5419 0.2685
 5420 0.2668
 5421 0.2601
 5422 0.2578
 5423 0.2524
 5424 0.2522
 5425 0.2488
 5426 0.242
 5427 0.2433
 5428 0.2373
 5429 0.2504
 5430 0.2496
 5431 0.2408
 5432 0.2452
 5433 0.2403
 5434 0.2438
 5435 0.2457
 5436 0.2448
 5437 0.2429
 5438 0.243
 5439 0.245
 5440 0.2502
 5441 0.253
 5442 0.2609
 5443 0.2493
 5444 0.2542
 5445 0.2601
 5446 0.2532
 5447 0.251
 5448 0.2502
 5449 0.2477
 5450 0.254
 5451 0.2556
 5452 0.2559
 5453 0.2609
 5454 0.2685
 5455 0.2589
 5456 0.2607
 5457 0.2556
 5458 0.2571
 5459 0.251
 5460 0.2482
 5461 0.2483
 5462 0.2601
 5463 0.2598
 5464 0.2587
 5465 0.2559
 5466 0.2625
 5467 0.2609
 5468 0.2582
 5469 0.2587
 5470 0.2565
 5471 0.2501
 5472 0.2504
 5473 0.2499
 5474 0.2426
 5475 0.2477
 5476 0.2502
 5477 0.2503
 5478 0.2538
 5479 0.2557
 5480 0.2515
 5481 0.2547
 5482 0.2463
 5483 0.2433
 5484 0.25
 5485 0.2571
 5486 0.2476
 5487 0.2485
 5488 0.2522
 5489 0.2437
 5490 0.2453
 5491 0.2509
 5492 0.2559
 5493 0.2566
 5494 0.2604
 5495 0.2542
 5496 0.2534
 5497 0.2549
 5498 0.2553
 5499 0.2641
 5500 0.2578
 5501 0.2535
 5502 0.2666
 5503 0.264
 5504 0.2625
 5505 0.2645
 5506 0.2589
 5507 0.2556
 5508 0.2616
 5509 0.2619
 5510 0.2581
 5511 0.2566
 5512 0.254
 5513 0.2554
 5514 0.2494
 5515 0.2578
 5516 0.2621
 5517 0.2557
 5518 0.2537
 5519 0.2511
 5520 0.2501
 5521 0.2613
 5522 0.2653
 5523 0.2609
 5524 0.2598
 5525 0.2652
 5526 0.2651
 5527 0.2585
 5528 0.2583
 5529 0.2522
 5530 0.2557
 5531 0.2601
 5532 0.27
 5533 0.2663
 5534 0.258
 5535 0.2557
 5536 0.2555
 5537 0.254
 5538 0.2501
 5539 0.2511
 5540 0.2481
 5541 0.2493
 5542 0.2465
 5543 0.2497
 5544 0.2536
 5545 0.2583
 5546 0.2541
 5547 0.2505
 5548 0.2617
 5549 0.2607
 5550 0.2578
 5551 0.2569
 5552 0.2542
 5553 0.2548
 5554 0.2595
 5555 0.2602
 5556 0.2584
 5557 0.2602
 5558 0.2532
 5559 0.2539
 5560 0.2483
 5561 0.2477
 5562 0.2467
 5563 0.2508
 5564 0.2512
 5565 0.2438
 5566 0.2442
 5567 0.2468
 5568 0.2499
 5569 0.2531
 5570 0.2563
 5571 0.2529
 5572 0.2514
 5573 0.2454
 5574 0.2596
 5575 0.2526
 5576 0.2544
 5577 0.2535
 5578 0.2598
 5579 0.2534
 5580 0.2578
 5581 0.2609
 5582 0.2616
 5583 0.255
 5584 0.2503
 5585 0.2491
 5586 0.2518
 5587 0.2499
 5588 0.2455
 5589 0.2467
 5590 0.2475
 5591 0.2504
 5592 0.2434
 5593 0.2449
 5594 0.2413
 5595 0.2514
 5596 0.2473
 5597 0.2444
 5598 0.2411
 5599 0.2399
 5600 0.2462
 5601 0.2438
 5602 0.2459
 5603 0.2555
 5604 0.2539
 5605 0.2581
 5606 0.2619
 5607 0.2584
 5608 0.262
 5609 0.2582
 5610 0.2652
 5611 0.2663
 5612 0.2598
 5613 0.253
 5614 0.255
 5615 0.2579
 5616 0.2523
 5617 0.2589
 5618 0.262
 5619 0.2612
 5620 0.2554
 5621 0.2564
 5622 0.2612
 5623 0.2556
 5624 0.2558
 5625 0.2568
 5626 0.2572
 5627 0.247
 5628 0.254
 5629 0.2577
 5630 0.2671
 5631 0.269
 5632 0.2673
 5633 0.2618
 5634 0.2606
 5635 0.2587
 5636 0.2526
 5637 0.2471
 5638 0.2447
 5639 0.2514
 5640 0.2463
 5641 0.2476
 5642 0.2538
 5643 0.2547
 5644 0.2603
 5645 0.2547
 5646 0.2562
 5647 0.2533
 5648 0.2498
 5649 0.255
 5650 0.2565
 5651 0.2627
 5652 0.2584
 5653 0.2553
 5654 0.2573
 5655 0.2554
 5656 0.2527
 5657 0.2512
 5658 0.2594
 5659 0.2522
 5660 0.2522
 5661 0.2602
 5662 0.2576
 5663 0.256
 5664 0.2657
 5665 0.2698
 5666 0.2632
 5667 0.259
 5668 0.257
 5669 0.2556
 5670 0.2593
 5671 0.2562
 5672 0.2531
 5673 0.2465
 5674 0.244
 5675 0.2491
 5676 0.2542
 5677 0.2504
 5678 0.2563
 5679 0.2614
 5680 0.2569
 5681 0.2654
 5682 0.2618
 5683 0.2478
 5684 0.2521
 5685 0.2501
 5686 0.2553
 5687 0.2559
 5688 0.2562
 5689 0.2591
 5690 0.2617
 5691 0.2557
 5692 0.25
 5693 0.2617
 5694 0.2641
 5695 0.2613
 5696 0.2565
 5697 0.2538
 5698 0.2482
 5699 0.255
 5700 0.2542
 5701 0.2605
 5702 0.2566
 5703 0.2615
 5704 0.2639
 5705 0.2652
 5706 0.2721
 5707 0.2716
 5708 0.2721
 5709 0.2672
 5710 0.2595
 5711 0.2643
 5712 0.2593
 5713 0.2511
 5714 0.2478
 5715 0.248
 5716 0.2567
 5717 0.261
 5718 0.2524
 5719 0.2509
 5720 0.2544
 5721 0.2548
 5722 0.2493
 5723 0.2564
 5724 0.2532
 5725 0.2529
 5726 0.2593
 5727 0.2592
 5728 0.2618
 5729 0.2584
 5730 0.2552
 5731 0.2537
 5732 0.2582
 5733 0.2534
 5734 0.2573
 5735 0.2582
 5736 0.252
 5737 0.259
 5738 0.2557
 5739 0.253
 5740 0.2532
 5741 0.2601
 5742 0.2657
 5743 0.2716
 5744 0.2685
 5745 0.2596
 5746 0.2595
 5747 0.2584
 5748 0.2681
 5749 0.2717
 5750 0.2696
 5751 0.268
 5752 0.2627
 5753 0.258
 5754 0.2577
 5755 0.2627
 5756 0.2591
 5757 0.2643
 5758 0.2603
 5759 0.264
 5760 0.2641
 5761 0.2625
 5762 0.2584
 5763 0.2597
 5764 0.2529
 5765 0.2521
 5766 0.26
 5767 0.2593
 5768 0.2576
 5769 0.2608
 5770 0.2535
 5771 0.2605
 5772 0.2662
 5773 0.2662
 5774 0.2546
 5775 0.2487
 5776 0.2459
 5777 0.2494
 5778 0.2599
 5779 0.2616
 5780 0.2623
 5781 0.2658
 5782 0.2616
 5783 0.2632
 5784 0.2605
 5785 0.2638
 5786 0.2707
 5787 0.2619
 5788 0.2601
 5789 0.2658
 5790 0.2649
 5791 0.2633
 5792 0.2575
 5793 0.2581
 5794 0.2471
 5795 0.2529
 5796 0.2586
 5797 0.2524
 5798 0.2483
 5799 0.2465
 5800 0.253
 5801 0.2555
 5802 0.2592
 5803 0.2592
 5804 0.2612
 5805 0.2545
 5806 0.2589
 5807 0.2552
 5808 0.2534
 5809 0.2487
 5810 0.2498
 5811 0.2461
 5812 0.2491
 5813 0.2506
 5814 0.2485
 5815 0.2456
 5816 0.2486
 5817 0.244
 5818 0.2519
 5819 0.2544
 5820 0.2535
 5821 0.2518
 5822 0.246
 5823 0.2553
 5824 0.2558
 5825 0.2568
 5826 0.2559
 5827 0.2596
 5828 0.2589
 5829 0.2592
 5830 0.2567
 5831 0.257
 5832 0.2592
 5833 0.2584
 5834 0.2555
 5835 0.2538
 5836 0.2562
 5837 0.2544
 5838 0.2618
 5839 0.2569
 5840 0.2575
 5841 0.2513
 5842 0.2476
 5843 0.2476
 5844 0.2469
 5845 0.2501
 5846 0.2484
 5847 0.2507
 5848 0.2528
 5849 0.2517
 5850 0.2566
 5851 0.2487
 5852 0.2464
 5853 0.2452
 5854 0.2444
 5855 0.2469
 5856 0.2441
 5857 0.2528
 5858 0.253
 5859 0.2533
 5860 0.2615
 5861 0.269
 5862 0.27
 5863 0.2632
 5864 0.2639
 5865 0.2593
 5866 0.2614
 5867 0.2614
 5868 0.2597
 5869 0.2667
 5870 0.2576
 5871 0.2525
 5872 0.2526
 5873 0.248
 5874 0.2487
 5875 0.2578
 5876 0.2592
 5877 0.2615
 5878 0.2617
 5879 0.262
 5880 0.2674
 5881 0.2644
 5882 0.2622
 5883 0.2611
 5884 0.2644
 5885 0.2635
 5886 0.2586
 5887 0.2552
 5888 0.2542
 5889 0.2611
 5890 0.2626
 5891 0.2584
 5892 0.2596
 5893 0.2539
 5894 0.2537
 5895 0.2471
 5896 0.2518
 5897 0.2564
 5898 0.2616
 5899 0.2648
 5900 0.2643
 5901 0.257
 5902 0.2532
 5903 0.264
 5904 0.2659
 5905 0.2626
 5906 0.2577
 5907 0.2614
 5908 0.2614
 5909 0.2572
 5910 0.2579
 5911 0.2508
 5912 0.2516
 5913 0.2514
 5914 0.2556
 5915 0.2541
 5916 0.2538
 5917 0.2529
 5918 0.256
 5919 0.2599
 5920 0.265
 5921 0.2646
 5922 0.2568
 5923 0.2553
 5924 0.2568
 5925 0.256
 5926 0.2532
 5927 0.2531
 5928 0.2553
 5929 0.2604
 5930 0.2545
 5931 0.2521
 5932 0.2505
 5933 0.2552
 5934 0.2571
 5935 0.2579
 5936 0.2598
 5937 0.2564
 5938 0.2665
 5939 0.2622
 5940 0.2629
 5941 0.2628
 5942 0.2688
 5943 0.2674
 5944 0.2688
 5945 0.2718
 5946 0.2684
 5947 0.2721
 5948 0.2675
 5949 0.2601
 5950 0.257
 5951 0.267
 5952 0.2648
 5953 0.2637
 5954 0.2644
 5955 0.2601
 5956 0.2637
 5957 0.2634
 5958 0.2594
 5959 0.2575
 5960 0.259
 5961 0.2631
 5962 0.2597
 5963 0.2617
 5964 0.2619
 5965 0.2651
 5966 0.261
 5967 0.2613
 5968 0.2545
 5969 0.2467
 5970 0.2477
 5971 0.2484
 5972 0.2527
 5973 0.26
 5974 0.2623
 5975 0.2567
 5976 0.2532
 5977 0.2601
 5978 0.2592
 5979 0.2608
 5980 0.2582
 5981 0.2589
 5982 0.2563
 5983 0.2633
 5984 0.26
 5985 0.2577
 5986 0.2619
 5987 0.2657
 5988 0.2578
 5989 0.253
 5990 0.2491
 5991 0.2474
 5992 0.2479
 5993 0.2465
 5994 0.2492
 5995 0.2459
 5996 0.2531
 5997 0.2451
 5998 0.2482
 5999 0.2536
 6000 0.2576
